AcrIF23	WP_129352082.1	52.5	162	72	3	1	157	1	162	1.9e-41	162.9	159	185
pAcr007904|AcrHub	WP_129349378.1	30.0	80	55	1	1	79	83	162	2.5e-05	42.0	79	163
pAcr014297|AcrHub	WP_129349196.1	81.8	66	12	0	1	66	1	66	4.7e-26	110.5	66	66
pAcr015036|AcrHub	WP_129349536.1	29.7	74	51	1	6	79	2	74	2.6e-04	38.9	100	112
pAcr021675|AcrHub	WP_129353552.1	41.8	55	32	0	21	75	137	191	1.6e-07	49.3	80	419
pAcr025765|AcrHub	WP_165352044.1	40.5	42	25	0	6	47	1105	1146	8.9e-04	36.2	52	1201
pAcr028788|AcrHub	WP_129355133.1	26.0	131	87	4	5	133	4	126	2.7e-04	39.3	133	303
pAcr030850|AcrHub	WP_129352082.1	42.5	146	72	4	6	143	4	145	5.0e-19	88.6	170	185
pAcr035375|AcrHub	WP_207213993.1	42.2	45	26	0	16	60	12	56	7.1e-05	40.0	60	423
pAcr041314|AcrHub	WP_011369120.1	95.1	142	7	0	3	144	3	144	9.2e-75	273.5	144	144
pAcr042335|AcrHub	WP_129348312.1	33.6	113	72	2	1	111	99	210	4.2e-14	71.6	113	397
pAcr043315|AcrHub	WP_129350934.1	39.1	46	28	0	11	56	135	180	9.9e-05	39.7	64	188
pAcr044337|AcrHub	WP_129354711.1	36.6	82	51	1	1	82	49	129	8.8e-12	63.5	88	136
pAcr046013|AcrHub	WP_006920327.1	65.6	96	33	0	1	96	1	96	2.9e-32	131.7	97	99
pAcr046947|AcrHub	WP_129348940.1	94.9	79	4	0	1	79	1	79	8.4e-38	149.8	79	79
pAcr047887|AcrHub	WP_012749810.1	79.3	169	35	0	1	169	1	169	2.0e-73	269.2	169	169
pAcr048622|AcrHub	WP_129352914.1	37.9	58	32	3	1	57	1	55	5.4e-05	40.4	59	272
pAcr049979|AcrHub	WP_006919851.1	84.4	96	15	0	1	96	1	96	1.2e-41	162.9	96	96
pAcr050115|AcrHub	WP_129352838.1	27.0	89	60	1	18	101	98	186	2.1e-04	39.3	104	201
pAcr052111|AcrHub	WP_129349440.1	33.7	83	54	1	6	87	323	405	6.3e-04	37.7	106	911
pAcr052642|AcrHub	WP_129351203.1	60.0	125	49	1	1	125	1	124	4.9e-40	157.9	125	124
pAcr054015|AcrHub	WP_129350588.1	25.6	168	111	4	2	159	74	237	4.1e-07	48.9	160	237
pAcr054425|AcrHub	WP_015862102.1	50.0	126	60	2	8	133	3	125	1.7e-28	119.8	140	144
pAcr055317|AcrHub	WP_129355652.1	58.2	256	105	2	1	255	1	255	1.5e-83	303.5	256	256
pAcr055433|AcrHub	WP_129352082.1	52.5	162	72	3	1	157	1	162	7.3e-41	161.0	159	185
pAcr063544|AcrHub	WP_129351690.1	31.4	70	48	0	19	88	1004	1073	6.7e-07	47.4	90	1074
pAcr063662|AcrHub	WP_129352184.1	59.7	119	48	0	1	119	121	239	2.1e-32	132.5	122	588
pAcr065063|AcrHub	WP_129351203.1	52.9	119	56	0	5	123	6	124	5.9e-30	124.4	123	124
pAcr065472|AcrHub	WP_129355788.1	28.7	87	61	1	25	110	11	97	2.1e-04	39.7	134	120
pAcr067857|AcrHub	WP_129349793.1	34.9	43	28	0	8	50	652	694	6.6e-04	36.6	50	799
pAcr068441|AcrHub	WP_129351879.1	32.6	46	31	0	3	48	7	52	1.2e-05	42.4	52	551
pAcr069246|AcrHub	WP_129355652.1	40.4	265	132	2	1	263	1	241	8.8e-45	174.9	284	256
pAcr071394|AcrHub	WP_129350094.1	92.3	248	17	1	1	246	1	248	1.2e-95	343.6	246	248
pAcr071630|AcrHub	WP_129353986.1	25.0	52	39	0	11	62	30	81	4.8e-04	37.4	62	81
cluster_33534|AcrCatalog	WP_129351159.1	61.5	78	28	1	5	80	6	83	3.6e-23	101.3	83	91
cluster_113415|AcrCatalog	WP_129352922.1	38.1	215	129	4	3	215	68	280	7.8e-33	134.8	219	285
cluster_113415|AcrCatalog	WP_207213996.1	37.2	183	113	2	38	219	4	185	8.0e-30	124.8	219	186
