AcrIF6	NZ_KB908455.1_239	36.8	87	44	3	10	90	11	92	1.4e-05	42.7	100	96
pAcr000240|AcrHub	NZ_KB908455.1_239	100.0	95	0	0	1	95	1	95	4.0e-47	180.6	95	96
pAcr000272|AcrHub	NZ_KB908455.1_239	37.9	87	43	3	10	90	11	92	1.4e-05	42.7	100	96
pAcr001802|AcrHub	NZ_KB908469.1_45	41.8	153	89	0	1	153	1	153	4.0e-33	134.8	153	154
pAcr008229|AcrHub	NZ_KB908470.1_78	32.5	77	46	2	33	106	43	116	3.8e-04	38.1	113	123
pAcr017874|AcrHub	NZ_KB908468.1_75	82.6	109	19	0	1	109	1	109	3.6e-52	197.6	110	117
pAcr019164|AcrHub	NZ_KB908476.1_11	32.1	53	36	0	4	56	245	297	5.3e-04	37.0	71	302
pAcr019996|AcrHub	NZ_KB908455.1_244	100.0	77	0	0	1	77	1	77	2.6e-41	161.0	77	78
pAcr028942|AcrHub	NZ_KB908459.1_25	59.1	44	16	1	1	44	506	547	1.4e-06	45.1	51	723
pAcr031303|AcrHub	NZ_KB908455.1_244	31.7	63	42	1	5	66	12	74	2.2e-04	38.1	67	78
pAcr031672|AcrHub	NZ_KB908456.1_87	29.3	328	207	9	41	350	40	360	3.0e-31	129.8	359	365
pAcr034386|AcrHub	NZ_KB908456.1_95	100.0	79	0	0	1	79	1	79	1.8e-40	158.3	79	80
pAcr038865|AcrHub	NZ_KB908455.1_271	100.0	53	0	0	1	53	1	53	2.2e-26	110.9	53	54
pAcr039969|AcrHub	NZ_KB908458.1_98	33.9	62	35	1	2	63	158	213	1.9e-05	41.6	64	214
pAcr044713|AcrHub	NZ_KB908456.1_96	100.0	84	0	0	1	84	1	84	4.3e-45	173.7	84	85
pAcr045635|AcrHub	NZ_KB908454.1_543	25.3	83	58	1	1	79	54	136	4.8e-04	37.7	110	461
pAcr045635|AcrHub	NZ_KB908454.1_252	26.0	77	57	0	1	77	56	132	8.2e-04	37.0	110	441
pAcr047369|AcrHub	NZ_KB908455.1_262	100.0	75	0	0	1	75	1	75	3.5e-38	150.6	75	76
pAcr050817|AcrHub	NZ_KB908455.1_114	34.7	72	39	2	3	68	425	494	4.9e-05	40.4	72	979
pAcr051711|AcrHub	NZ_KB908454.1_235	43.2	44	25	0	1	44	1	44	2.3e-05	40.8	44	495
pAcr054128|AcrHub	NZ_KB908454.1_182	45.9	37	20	0	60	96	143	179	4.5e-04	37.7	102	360
pAcr054314|AcrHub	NZ_KB908456.1_94	100.0	139	0	0	1	139	1	139	3.9e-75	274.2	139	140
pAcr058743|AcrHub	NZ_KB908456.1_4	35.7	42	27	0	93	134	340	381	3.6e-04	38.9	182	436
pAcr063539|AcrHub	NZ_KB908456.1_98	46.5	71	31	1	34	104	14	77	3.5e-12	64.7	105	79
pAcr064425|AcrHub	NZ_KB908455.1_275	51.6	31	15	0	4	34	2	32	2.3e-05	41.2	58	400
pAcr064425|AcrHub	NZ_KB908454.1_263	51.6	31	15	0	4	34	3	33	4.3e-04	37.0	58	406
pAcr064582|AcrHub	NZ_KB908456.1_52	45.0	40	22	0	11	50	267	306	2.3e-05	41.2	59	311
pAcr064793|AcrHub	NZ_KB908454.1_148	36.2	69	44	0	24	92	313	381	5.5e-05	41.6	181	419
pAcr066750|AcrHub	NZ_KB908455.1_214	39.7	73	42	2	10	81	7	78	3.6e-08	52.4	210	104
pAcr068890|AcrHub	NZ_KB908454.1_36	67.6	37	11	1	2	37	16	52	1.3e-09	55.5	62	365
pAcr070419|AcrHub	NZ_KB908456.1_52	38.3	47	29	0	1	47	243	289	4.2e-05	40.0	48	311
