Hmm	ORF	tlen	qlen	Eval	score	start	end	Acc	Pos	Cov_seq	Cov_hmm	strand
AbiEii_0_CAS-III	NZ_CP026538.1_1200	639	284	3e-05	21.6	1378337	1380253	NZ_CP026538.1	1200	0.21752738654147105	0.39436619718309857	1
AbiEii_0_CAS-III	NZ_CP026538.1_1325	263	284	7.7e-05	20.3	1519364	1520152	NZ_CP026538.1	1325	0.34600760456273766	0.30633802816901406	-1
AbiEii_0_CAS-III	NZ_CP026538.1_1335	247	284	1.3e-08	32.7	1529371	1530111	NZ_CP026538.1	1335	0.5344129554655871	0.4471830985915493	-1
AbiEii_0_CAS-III	NZ_CP026538.1_1349	336	284	0.0079	13.7	1540983	1541990	NZ_CP026538.1	1349	0.06845238095238096	0.08098591549295775	1
AbiEii_0_CAS-III	NZ_CP026538.1_1480	221	284	0.05	11.0	1689770	1690432	NZ_CP026538.1	1480	0.3167420814479638	0.24295774647887325	1
AbiEii_0_CAS-III	NZ_CP026538.1_1519	919	284	0.015	12.7	1740332	1743088	NZ_CP026538.1	1519	0.12295973884657237	0.29225352112676056	-1
AbiEii_0_CAS-III	NZ_CP026538.1_1582	236	284	0.0046	14.4	1806164	1806871	NZ_CP026538.1	1582	0.3898305084745763	0.30633802816901406	-1
AbiEii_0_CAS-III	NZ_CP026538.1_1666	409	284	0.019	12.4	1903806	1905032	NZ_CP026538.1	1666	0.0488997555012225	0.07042253521126761	-1
AbiEii_0_CAS-III	NZ_CP026538.1_1690	326	284	0.0096	13.4	1933012	1933989	NZ_CP026538.1	1690	0.07668711656441718	0.0880281690140845	1
AbiEii_0_CAS-III	NZ_CP026538.1_1717	672	284	0.0003	18.3	1978499	1980514	NZ_CP026538.1	1717	0.27827380952380953	0.4788732394366197	1
AbiEii_0_CAS-III	NZ_CP026538.1_1801	290	284	9.1e-05	20.0	2059893	2060762	NZ_CP026538.1	1801	0.4241379310344828	0.40492957746478875	1
AbiEii_0_CAS-III	NZ_CP026538.1_1892	247	284	0.0015	16.0	2154072	2154812	NZ_CP026538.1	1892	0.3805668016194332	0.30985915492957744	1
AbiEii_0_CAS-III	NZ_CP026538.1_1942	254	284	0.00027	18.5	2229240	2230001	NZ_CP026538.1	1942	0.32677165354330706	0.28169014084507044	1
AbiEii_0_CAS-III	NZ_CP026538.1_2046	888	284	0.036	11.5	2349177	2351840	NZ_CP026538.1	2046	0.028153153153153154	0.09154929577464789	-1
AbiEii_0_CAS-III	NZ_CP026538.1_2066	257	284	0.011	13.1	2368025	2368795	NZ_CP026538.1	2066	0.36186770428015563	0.3345070422535211	-1
AbiEii_0_CAS-III	NZ_CP026538.1_212	847	284	0.0021	15.5	242332	244872	NZ_CP026538.1	212	0.09799291617473435	0.27816901408450706	-1
AbiEii_0_CAS-III	NZ_CP026538.1_2141	242	284	1.8e-05	22.3	2445010	2445735	NZ_CP026538.1	2141	0.26859504132231404	0.22887323943661972	-1
AbiEii_0_CAS-III	NZ_CP026538.1_2158	236	284	0.0018	15.8	2460625	2461332	NZ_CP026538.1	2158	0.559322033898305	0.4507042253521127	-1
AbiEii_0_CAS-III	NZ_CP026538.1_2159	246	284	2.8e-07	28.3	2461325	2462062	NZ_CP026538.1	2159	0.4186991869918699	0.3415492957746479	-1
AbiEii_0_CAS-III	NZ_CP026538.1_2167	224	284	3.3e-05	21.5	2467574	2468245	NZ_CP026538.1	2167	0.16071428571428573	0.1267605633802817	-1
AbiEii_0_CAS-III	NZ_CP026538.1_2186	243	284	4.2e-05	21.1	2489278	2490006	NZ_CP026538.1	2186	0.3950617283950617	0.323943661971831	1
AbiEii_0_CAS-III	NZ_CP026538.1_2187	237	284	0.037	11.5	2489993	2490703	NZ_CP026538.1	2187	0.31223628691983124	0.25704225352112675	1
AbiEii_0_CAS-III	NZ_CP026538.1_2209	308	284	0.00029	18.4	2513976	2514899	NZ_CP026538.1	2209	0.1590909090909091	0.16901408450704225	-1
AbiEii_0_CAS-III	NZ_CP026538.1_2259	254	284	2.5e-05	21.9	2564567	2565328	NZ_CP026538.1	2259	0.07874015748031496	0.07042253521126761	-1
AbiEii_0_CAS-III	NZ_CP026538.1_2427	139	284	0.025	12.0	2751262	2751678	NZ_CP026538.1	2427	0.2517985611510791	0.12323943661971831	1
AbiEii_0_CAS-III	NZ_CP026538.1_2452	562	284	6.3e-07	27.1	2774115	2775800	NZ_CP026538.1	2452	0.2491103202846975	0.43309859154929575	1
AbiEii_0_CAS-III	NZ_CP026538.1_246	308	284	7.5e-06	23.6	284623	285546	NZ_CP026538.1	246	0.19480519480519481	0.20774647887323944	-1
AbiEii_0_CAS-III	NZ_CP026538.1_2489	264	284	7.9e-05	20.2	2820806	2821597	NZ_CP026538.1	2489	0.2196969696969697	0.20422535211267606	-1
AbiEii_0_CAS-III	NZ_CP026538.1_2494	503	284	4e-10	37.6	2825725	2827233	NZ_CP026538.1	2494	0.31610337972166996	0.3485915492957746	1
AbiEii_0_CAS-III	NZ_CP026538.1_2518	235	284	0.00026	18.5	2851128	2851832	NZ_CP026538.1	2518	0.3617021276595745	0.2852112676056338	1
AbiEii_0_CAS-III	NZ_CP026538.1_2588	418	284	0.00051	17.6	2942662	2943915	NZ_CP026538.1	2588	0.07655502392344497	0.11267605633802817	-1
AbiEii_0_CAS-III	NZ_CP026538.1_2685	228	284	2.8e-05	21.7	3063467	3064150	NZ_CP026538.1	2685	0.31140350877192985	0.24647887323943662	1
AbiEii_0_CAS-III	NZ_CP026538.1_2707	396	284	0.00036	18.1	3086914	3088101	NZ_CP026538.1	2707	0.3686868686868687	0.49295774647887325	-1
AbiEii_0_CAS-III	NZ_CP026538.1_2712	667	284	0.021	12.3	3091994	3093994	NZ_CP026538.1	2712	0.17691154422788605	0.33098591549295775	-1
AbiEii_0_CAS-III	NZ_CP026538.1_2758	271	284	0.00021	18.9	3144510	3145322	NZ_CP026538.1	2758	0.13284132841328414	0.12323943661971831	1
AbiEii_0_CAS-III	NZ_CP026538.1_278	333	284	0.0097	13.4	325986	326984	NZ_CP026538.1	278	0.24324324324324326	0.2852112676056338	-1
AbiEii_0_CAS-III	NZ_CP026538.1_2954	231	284	0.00012	19.6	3376032	3376724	NZ_CP026538.1	2954	0.12121212121212122	0.09859154929577464	-1
AbiEii_0_CAS-III	NZ_CP026538.1_2998	256	284	1.3e-05	22.8	3407016	3407783	NZ_CP026538.1	2998	0.26953125	0.23591549295774647	-1
AbiEii_0_CAS-III	NZ_CP026538.1_3032	224	284	0.023	12.1	3442360	3443031	NZ_CP026538.1	3032	0.15625	0.12323943661971831	-1
AbiEii_0_CAS-III	NZ_CP026538.1_3179	261	284	0.0024	15.4	3620194	3620976	NZ_CP026538.1	3179	0.3448275862068966	0.29577464788732394	1
AbiEii_0_CAS-III	NZ_CP026538.1_3184	273	284	8.7e-05	20.1	3626310	3627128	NZ_CP026538.1	3184	0.5201465201465202	0.5035211267605634	1
AbiEii_0_CAS-III	NZ_CP026538.1_3192	571	284	5.8e-05	20.7	3637381	3639093	NZ_CP026538.1	3192	0.15236427320490367	0.29577464788732394	-1
AbiEii_0_CAS-III	NZ_CP026538.1_3270	234	284	3.4e-08	31.3	3732231	3732932	NZ_CP026538.1	3270	0.39316239316239315	0.31690140845070425	-1
AbiEii_0_CAS-III	NZ_CP026538.1_343	235	284	0.00046	17.7	402769	403473	NZ_CP026538.1	343	0.4340425531914894	0.33098591549295775	1
AbiEii_0_CAS-III	NZ_CP026538.1_3484	235	284	0.0041	14.6	3977901	3978605	NZ_CP026538.1	3484	0.4978723404255319	0.397887323943662	-1
AbiEii_0_CAS-III	NZ_CP026538.1_3485	262	284	6.1e-05	20.6	3978598	3979383	NZ_CP026538.1	3485	0.22519083969465647	0.20422535211267606	-1
AbiEii_0_CAS-III	NZ_CP026538.1_3491	236	284	1e-05	23.1	3984095	3984802	NZ_CP026538.1	3491	0.5508474576271186	0.4471830985915493	-1
AbiEii_0_CAS-III	NZ_CP026538.1_3492	260	284	0.00017	19.2	3984789	3985568	NZ_CP026538.1	3492	0.2423076923076923	0.20774647887323944	-1
AbiEii_0_CAS-III	NZ_CP026538.1_3509	443	284	2e-10	38.6	4005593	4006921	NZ_CP026538.1	3509	0.26410835214446954	0.3873239436619718	1
AbiEii_0_CAS-III	NZ_CP026538.1_3620	297	284	9.5e-05	20.0	4118315	4119205	NZ_CP026538.1	3620	0.31313131313131315	0.30633802816901406	1
AbiEii_0_CAS-III	NZ_CP026538.1_3722	608	284	6e-09	33.7	4225718	4227541	NZ_CP026538.1	3722	0.20723684210526316	0.38028169014084506	-1
AbiEii_0_CAS-III	NZ_CP026538.1_3806	254	284	2.3e-05	22.0	4338636	4339397	NZ_CP026538.1	3806	0.5118110236220472	0.44366197183098594	1
AbiEii_0_CAS-III	NZ_CP026538.1_3840	243	284	7.2e-08	30.2	4380857	4381585	NZ_CP026538.1	3840	0.3662551440329218	0.31338028169014087	-1
AbiEii_0_CAS-III	NZ_CP026538.1_3912	239	284	0.00017	19.1	4449980	4450696	NZ_CP026538.1	3912	0.5690376569037657	0.4964788732394366	-1
AbiEii_0_CAS-III	NZ_CP026538.1_3916	255	284	1e-06	26.4	4454187	4454951	NZ_CP026538.1	3916	0.45098039215686275	0.38028169014084506	-1
AbiEii_0_CAS-III	NZ_CP026538.1_433	807	284	0.016	12.7	493778	496198	NZ_CP026538.1	433	0.030978934324659233	0.0880281690140845	1
AbiEii_0_CAS-III	NZ_CP026538.1_461	200	284	0.013	13.0	525942	526541	NZ_CP026538.1	461	0.075	0.0528169014084507	-1
AbiEii_0_CAS-III	NZ_CP026538.1_60	543	284	0.0051	14.3	70315	71943	NZ_CP026538.1	60	0.20257826887661143	0.44366197183098594	1
AbiEii_0_CAS-III	NZ_CP026538.1_61	232	284	3.7e-06	24.6	71940	72635	NZ_CP026538.1	61	0.4525862068965517	0.35563380281690143	1
AbiEii_0_CAS-III	NZ_CP026538.1_636	512	284	0.037	11.5	711998	713533	NZ_CP026538.1	636	0.0625	0.10915492957746478	1
AbiEii_0_CAS-III	NZ_CP026538.1_637	266	284	2.2e-06	25.3	714106	714903	NZ_CP026538.1	637	0.2894736842105263	0.25	1
AbiEii_0_CAS-III	NZ_CP026538.1_681	234	284	0.021	12.3	765049	765750	NZ_CP026538.1	681	0.2606837606837607	0.2147887323943662	-1
AbiEii_0_CAS-III	NZ_CP026538.1_800	500	284	0.0011	16.4	908351	909850	NZ_CP026538.1	800	0.084	0.14084507042253522	1
AbiEii_0_CAS-III	NZ_CP026538.1_859	240	284	0.00074	17.0	973089	973808	NZ_CP026538.1	859	0.375	0.30985915492957744	-1
AbiEii_0_CAS-III	NZ_CP026538.1_860	257	284	1.7e-06	25.7	974040	974810	NZ_CP026538.1	860	0.3035019455252918	0.2640845070422535	-1
AbiEii_0_CAS-III	NZ_CP026539.1_21	114	284	0.00043	17.8	27633	27974	NZ_CP026539.1	21	0.34210526315789475	0.1267605633802817	1
AbiEii_1_CAS-III-A	NZ_CP026538.1_1200	639	335	1.5e-05	22.2	1378337	1380253	NZ_CP026538.1	1200	0.22535211267605634	0.4298507462686567	1
AbiEii_1_CAS-III-A	NZ_CP026538.1_1325	263	335	0.00022	18.4	1519364	1520152	NZ_CP026538.1	1325	0.30038022813688214	0.24776119402985075	-1
AbiEii_1_CAS-III-A	NZ_CP026538.1_1335	247	335	0.00053	17.1	1529371	1530111	NZ_CP026538.1	1335	0.32388663967611336	0.24776119402985075	-1
AbiEii_1_CAS-III-A	NZ_CP026538.1_1942	254	335	1.8e-05	21.9	2229240	2230001	NZ_CP026538.1	1942	0.2952755905511811	0.23582089552238805	1
AbiEii_1_CAS-III-A	NZ_CP026538.1_2046	888	335	0.015	12.3	2349177	2351840	NZ_CP026538.1	2046	0.03490990990990991	0.08955223880597014	-1
AbiEii_1_CAS-III-A	NZ_CP026538.1_2066	257	335	0.023	11.7	2368025	2368795	NZ_CP026538.1	2066	0.17509727626459143	0.12835820895522387	-1
AbiEii_1_CAS-III-A	NZ_CP026538.1_2159	246	335	0.0015	15.6	2461325	2462062	NZ_CP026538.1	2159	0.26422764227642276	0.19402985074626866	-1
AbiEii_1_CAS-III-A	NZ_CP026538.1_2167	224	335	0.00047	17.3	2467574	2468245	NZ_CP026538.1	2167	0.30357142857142855	0.19701492537313434	-1
AbiEii_1_CAS-III-A	NZ_CP026538.1_2187	237	335	0.023	11.7	2489993	2490703	NZ_CP026538.1	2187	0.4219409282700422	0.28955223880597014	1
AbiEii_1_CAS-III-A	NZ_CP026538.1_2685	228	335	0.0054	13.8	3063467	3064150	NZ_CP026538.1	2685	0.12719298245614036	0.08656716417910448	1
AbiEii_1_CAS-III-A	NZ_CP026538.1_2707	396	335	0.0019	15.3	3086914	3088101	NZ_CP026538.1	2707	0.1893939393939394	0.23283582089552238	-1
AbiEii_1_CAS-III-A	NZ_CP026538.1_3179	261	335	0.0024	15.0	3620194	3620976	NZ_CP026538.1	3179	0.13026819923371646	0.10149253731343283	1
AbiEii_1_CAS-III-A	NZ_CP026538.1_3250	757	335	0.33	7.9	3709053	3711323	NZ_CP026538.1	3250	0.19947159841479525	0.25671641791044775	-1
AbiEii_1_CAS-III-A	NZ_CP026538.1_3492	260	335	0.042	10.8	3984789	3985568	NZ_CP026538.1	3492	0.3269230769230769	0.2626865671641791	-1
AbiEii_1_CAS-III-A	NZ_CP026538.1_3509	443	335	0.00029	18.0	4005593	4006921	NZ_CP026538.1	3509	0.16252821670428894	0.2208955223880597	1
AbiEii_1_CAS-III-A	NZ_CP026538.1_3722	608	335	0.0025	14.9	4225718	4227541	NZ_CP026538.1	3722	0.11842105263157894	0.13134328358208955	-1
AbiEii_1_CAS-III-A	NZ_CP026538.1_3806	254	335	4e-06	24.1	4338636	4339397	NZ_CP026538.1	3806	0.2992125984251969	0.23880597014925373	1
AbiEii_1_CAS-III-A	NZ_CP026538.1_3912	239	335	0.0073	13.4	4449980	4450696	NZ_CP026538.1	3912	0.3682008368200837	0.25970149253731345	-1
AbiEii_1_CAS-III-A	NZ_CP026538.1_513	697	335	2.2	5.2	586070	588160	NZ_CP026538.1	513	0.29411764705882354	0.2746268656716418	1
AbiEii_1_CAS-III-A	NZ_CP026538.1_637	266	335	3.7e-05	20.9	714106	714903	NZ_CP026538.1	637	0.3082706766917293	0.23283582089552238	1
AbiEii_1_CAS-III-A	NZ_CP026538.1_800	500	335	0.034	11.2	908351	909850	NZ_CP026538.1	800	0.064	0.08358208955223881	1
AbiEii_1_CAS-III-A	NZ_CP026538.1_860	257	335	0.016	12.2	974040	974810	NZ_CP026538.1	860	0.3035019455252918	0.23880597014925373	-1
AbiEii_2_CAS-III-C	NZ_CP026538.1_1335	247	440	0.012	12.7	1529371	1530111	NZ_CP026538.1	1335	0.2591093117408907	0.14545454545454545	-1
AbiEii_2_CAS-III-C	NZ_CP026538.1_2707	396	440	2.6e-05	21.5	3086914	3088101	NZ_CP026538.1	2707	0.25252525252525254	0.23636363636363636	-1
AbiEii_2_CAS-III-C	NZ_CP026538.1_3509	443	440	0.0018	15.4	4005593	4006921	NZ_CP026538.1	3509	0.23024830699774265	0.2340909090909091	1
AbiEii_2_CAS-III-C	NZ_CP026538.1_3722	608	440	0.015	12.4	4225718	4227541	NZ_CP026538.1	3722	0.054276315789473686	0.038636363636363635	-1
AbiEii_2_CAS-III-C	NZ_CP026538.1_800	500	440	0.0059	13.7	908351	909850	NZ_CP026538.1	800	0.084	0.09545454545454546	1
Cas10-like_2_IVC	NZ_CP026538.1_3613	160	578	0.01	12.0	4110497	4110976	NZ_CP026538.1	3613	0.34375	0.10034602076124567	1
Cas10_0_CAS-III-C	NZ_CP026538.1_3381	427	959	0.22	7.4	3859679	3860959	NZ_CP026538.1	3381	0.07962529274004684	0.035453597497393116	1
Cas10_0_III	NZ_CP026538.1_2753	196	414	0.0097	12.8	3140300	3140887	NZ_CP026538.1	2753	0.23469387755102042	0.1111111111111111	1
Cas10_0_IIIA	NZ_CP026538.1_967	379	650	0.035	10.7	1107333	1108469	NZ_CP026538.1	967	0.10554089709762533	0.06153846153846154	-1
Cas10_1_CAS-III	NZ_CP026538.1_1385	375	654	0.049	10.0	1587017	1588141	NZ_CP026538.1	1385	0.18666666666666668	0.08256880733944955	-1
Cas10_1_CAS-III	NZ_CP026538.1_3585	520	654	0.0088	12.5	4085777	4087336	NZ_CP026538.1	3585	0.2980769230769231	0.2415902140672783	-1
Cas10_7_CAS-III	NZ_CP026538.1_2753	196	410	0.0074	13.2	3140300	3140887	NZ_CP026538.1	2753	0.25	0.11951219512195121	1
Cas11b_2_CAS-I-B	NZ_CP026538.1_577	120	100	0.015	13.3	641745	642104	NZ_CP026538.1	577	0.475	0.57	-1
Cas11d2_0_CAS-I-D	NZ_CP026538.1_3353	800	212	0.029	12.4	3824309	3826708	NZ_CP026538.1	3353	0.04125	0.15566037735849056	-1
Cas12a_M26_0_V-A	NZ_CP026538.1_1548	282	1159	0.049	9.8	1770156	1771001	NZ_CP026538.1	1548	0.22340425531914893	0.056945642795513375	1
Cas12c_1_CAS-V-C	NZ_CP026538.1_925	166	1268	0.043	9.2	1049246	1049743	NZ_CP026538.1	925	0.39156626506024095	0.051261829652996846	-1
Cas12f1_2_CAS-V-F	NZ_CP026538.1_3143	307	429	0.026	11.4	3575057	3575977	NZ_CP026538.1	3143	0.09120521172638436	0.06526806526806526	1
Cas12f1_2_CAS-V-F	NZ_CP026538.1_89	307	429	0.026	11.4	104111	105031	NZ_CP026538.1	89	0.09120521172638436	0.06526806526806526	-1
Cas12f2_1_CAS-V-F	NZ_CP026538.1_1342	145	422	0.006	13.6	1535447	1535881	NZ_CP026538.1	1342	0.23448275862068965	0.06872037914691943	-1
Cas12f2_1_CAS-V-F	NZ_CP026538.1_1567	90	422	0.0032	14.5	1788384	1788653	NZ_CP026538.1	1567	0.4	0.08293838862559241	-1
Cas12f2_1_CAS-V-F	NZ_CP026538.1_2108	118	422	0.011	12.7	2401101	2401454	NZ_CP026538.1	2108	0.3220338983050847	0.09004739336492891	-1
Cas12f4_0_CAS-V-F	NZ_CP026538.1_1141	316	577	0.076	9.3	1300247	1301194	NZ_CP026538.1	1141	0.2563291139240506	0.14038128249566725	1
Cas12f4_0_CAS-V-F	NZ_CP026538.1_1317	89	577	0.0087	12.4	1508837	1509103	NZ_CP026538.1	1317	0.5168539325842697	0.0779896013864818	1
Cas12f4_0_CAS-V-F	NZ_CP026538.1_205	72	577	0.0034	13.7	236992	237207	NZ_CP026538.1	205	0.5277777777777778	0.0658578856152513	-1
Cas1_0_CAS-I-II-III-IV-V-VI	NZ_CP026538.1_1167	289	317	2.9e-19	67.2	1331756	1332622	NZ_CP026538.1	1167	0.7508650519031141	0.6845425867507886	-1
Cas1_0_CAS-I-II-III-IV-V-VI	NZ_CP026538.1_1412	340	317	1.7e-101	337.3	1627944	1628963	NZ_CP026538.1	1412	0.95	1.0	1
Cas1_0_I-II-III	NZ_CP026538.1_1167	289	327	1.5e-48	163.4	1331756	1332622	NZ_CP026538.1	1167	0.8546712802768166	0.8409785932721713	-1
Cas1_0_I-II-III	NZ_CP026538.1_1412	340	327	7.3e-82	272.9	1627944	1628963	NZ_CP026538.1	1412	0.9647058823529412	1.0	1
Cas1_0_I-II-III-V	NZ_CP026538.1_1167	289	315	3.9e-11	40.2	1331756	1332622	NZ_CP026538.1	1167	0.6228373702422145	0.5746031746031746	-1
Cas1_0_I-II-III-V	NZ_CP026538.1_1412	340	315	2.7e-92	306.9	1627944	1628963	NZ_CP026538.1	1412	0.95	1.0	1
Cas1_0_IA	NZ_CP026538.1_1167	289	347	0.00028	17.8	1331756	1332622	NZ_CP026538.1	1167	0.5224913494809689	0.44668587896253603	-1
Cas1_0_IA	NZ_CP026538.1_1412	340	347	3e-53	178.8	1627944	1628963	NZ_CP026538.1	1412	0.9764705882352941	0.962536023054755	1
Cas1_0_IC	NZ_CP026538.1_1167	289	340	1.4e-07	28.8	1331756	1332622	NZ_CP026538.1	1167	0.49480968858131485	0.4235294117647059	-1
Cas1_0_IC	NZ_CP026538.1_1412	340	340	2.9e-152	504.5	1627944	1628963	NZ_CP026538.1	1412	0.9823529411764705	0.9941176470588236	1
Cas1_0_IE	NZ_CP026538.1_1167	289	269	7.500000000000001e-108	357.7	1331756	1332622	NZ_CP026538.1	1167	0.8858131487889274	0.9516728624535316	-1
Cas1_0_IE	NZ_CP026538.1_1412	340	269	1.1e-06	25.9	1627944	1628963	NZ_CP026538.1	1412	0.4088235294117647	0.516728624535316	1
Cas1_0_IF	NZ_CP026538.1_1167	289	307	4.3e-14	50.4	1331756	1332622	NZ_CP026538.1	1167	0.6366782006920415	0.5863192182410424	-1
Cas1_0_II	NZ_CP026538.1_1412	340	278	2.2e-10	38.2	1627944	1628963	NZ_CP026538.1	1412	0.7264705882352941	0.8057553956834532	1
Cas1_0_V	NZ_CP026538.1_1412	340	317	3.4e-25	86.6	1627944	1628963	NZ_CP026538.1	1412	0.7852941176470588	0.804416403785489	1
Cas1_1_CAS-I-II-III-IV-V-VI	NZ_CP026538.1_1167	289	261	2e-48	162.8	1331756	1332622	NZ_CP026538.1	1167	0.7923875432525952	0.9003831417624522	-1
Cas1_1_CAS-I-II-III-IV-V-VI	NZ_CP026538.1_1412	340	261	2.7e-66	221.4	1627944	1628963	NZ_CP026538.1	1412	0.7735294117647059	1.0	1
Cas1_2_CAS-I-II-III-IV-V-VI	NZ_CP026538.1_1167	289	306	5.5e-14	50.0	1331756	1332622	NZ_CP026538.1	1167	0.6366782006920415	0.5882352941176471	-1
Cas1_3_CAS-I-II-III-IV-V-VI	NZ_CP026538.1_1167	289	262	3.7999999999999996e-107	355.3	1331756	1332622	NZ_CP026538.1	1167	0.8858131487889274	0.9770992366412213	-1
Cas1_3_CAS-I-II-III-IV-V-VI	NZ_CP026538.1_1412	340	262	1.3e-06	25.8	1627944	1628963	NZ_CP026538.1	1412	0.4088235294117647	0.5305343511450382	1
Cas1_4_CAS-I-II-III-IV-V-VI	NZ_CP026538.1_1412	340	275	1.6e-11	41.8	1627944	1628963	NZ_CP026538.1	1412	0.7352941176470589	0.8254545454545454	1
Cas1_5_CAS-I-II-III-IV-V-VI	NZ_CP026538.1_1167	289	338	1.8e-07	28.5	1331756	1332622	NZ_CP026538.1	1167	0.5951557093425606	0.514792899408284	-1
Cas1_5_CAS-I-II-III-IV-V-VI	NZ_CP026538.1_1412	340	338	4.8e-152	503.8	1627944	1628963	NZ_CP026538.1	1412	0.9823529411764705	1.0	1
Cas1_6_CAS-I-II-III-IV-V-VI	NZ_CP026538.1_1167	289	320	9.5e-07	26.2	1331756	1332622	NZ_CP026538.1	1167	0.7162629757785467	0.646875	-1
Cas1_6_CAS-I-II-III-IV-V-VI	NZ_CP026538.1_1412	340	320	1.3e-45	153.9	1627944	1628963	NZ_CP026538.1	1412	0.9529411764705882	0.98125	1
Cas1_7_CAS-I-II-III-IV-V-VI	NZ_CP026538.1_1167	289	328	6.8e-51	171.1	1331756	1332622	NZ_CP026538.1	1167	0.8961937716262975	0.875	-1
Cas1_7_CAS-I-II-III-IV-V-VI	NZ_CP026538.1_1412	340	328	1.0000000000000001e-81	272.5	1627944	1628963	NZ_CP026538.1	1412	0.9764705882352941	0.9878048780487805	1
Cas1_8_CAS-I-II-III-IV-V-VI	NZ_CP026538.1_1167	289	283	1.5e-18	64.8	1331756	1332622	NZ_CP026538.1	1167	0.7231833910034602	0.7420494699646644	-1
Cas1_8_CAS-I-II-III-IV-V-VI	NZ_CP026538.1_1412	340	283	3.2e-97	323.0	1627944	1628963	NZ_CP026538.1	1412	0.8441176470588235	1.0	1
Cas2_0_CAS-I-II-III-IV-V-VI	NZ_CP026538.1_1413	97	90	5e-18	63.2	1628968	1629258	NZ_CP026538.1	1413	0.8762886597938144	0.9222222222222223	1
Cas2_0_I-II-III	NZ_CP026538.1_1413	97	96	1.7e-18	64.6	1628968	1629258	NZ_CP026538.1	1413	0.9381443298969072	0.9479166666666666	1
Cas2_0_I-II-III-V	NZ_CP026538.1_1413	97	83	2.2e-23	80.3	1628968	1629258	NZ_CP026538.1	1413	0.8556701030927835	0.9879518072289156	1
Cas2_0_IE	NZ_CP026538.1_1166	100	87	1.6000000000000002e-33	112.6	1331476	1331775	NZ_CP026538.1	1166	0.86	1.0	-1
Cas2_0_IE	NZ_CP026538.1_1413	97	87	0.029	12.4	1628968	1629258	NZ_CP026538.1	1413	0.8556701030927835	0.9655172413793104	1
Cas2_10_CAS-I-II-III-IV-V-VI	NZ_CP026538.1_1166	100	86	5.2e-36	120.5	1331476	1331775	NZ_CP026538.1	1166	0.86	1.0	-1
Cas2_11_CAS-I-II-III-IV-V-VI	NZ_CP026538.1_1413	97	71	1.0000000000000001e-23	81.2	1628968	1629258	NZ_CP026538.1	1413	0.7835051546391752	1.0	1
Cas2_1_CAS-I-II-III-IV-V-VI	NZ_CP026538.1_1166	100	93	1.5e-34	115.9	1331476	1331775	NZ_CP026538.1	1166	0.91	1.0	-1
Cas2_1_CAS-I-II-III-IV-V-VI	NZ_CP026538.1_1413	97	93	0.02	12.9	1628968	1629258	NZ_CP026538.1	1413	0.8556701030927835	0.9032258064516129	1
Cas2_2_CAS-I-II-III-IV-V-VI	NZ_CP026538.1_1413	97	79	7.9e-26	88.0	1628968	1629258	NZ_CP026538.1	1413	0.8556701030927835	0.9873417721518988	1
Cas2_3_CAS-I-II-III-IV-V-VI	NZ_CP026538.1_1166	100	62	3.9000000000000004e-28	95.2	1331476	1331775	NZ_CP026538.1	1166	0.62	1.0	-1
Cas2_3_CAS-I-II-III-IV-V-VI	NZ_CP026538.1_2803	949	62	0.017	13.1	3190783	3193629	NZ_CP026538.1	2803	0.03898840885142255	0.5967741935483871	-1
Cas2_3_CAS-I-II-III-IV-V-VI	NZ_CP026538.1_3574	419	62	0.037	12.0	4075621	4076877	NZ_CP026538.1	3574	0.09307875894988067	0.3548387096774194	1
Cas2_4_CAS-I-II-III-IV-V-VI	NZ_CP026538.1_1413	97	89	1.7e-21	74.3	1628968	1629258	NZ_CP026538.1	1413	0.9278350515463918	0.9662921348314607	1
Cas2_6_CAS-I-II-III-IV-V-VI	NZ_CP026538.1_1413	97	90	2.9e-05	22.3	1628968	1629258	NZ_CP026538.1	1413	0.5670103092783505	0.6111111111111112	1
Cas2_7_CAS-I-II-III-IV-V-VI	NZ_CP026538.1_1413	97	94	0.0018	16.6	1628968	1629258	NZ_CP026538.1	1413	0.4948453608247423	0.46808510638297873	1
Cas3-Cas2_0_CAS-I-F	NZ_CP026538.1_1173	896	1106	2.8e-08	29.9	1338042	1340729	NZ_CP026538.1	1173	0.18080357142857142	0.14828209764918626	-1
Cas3-Cas2_0_CAS-I-F	NZ_CP026538.1_1407	833	1106	0.00068	15.4	1620670	1623168	NZ_CP026538.1	1407	0.12725090036014405	0.09674502712477397	1
Cas3-Cas2_0_IF	NZ_CP026538.1_1173	896	1110	2.4e-08	30.1	1338042	1340729	NZ_CP026538.1	1173	0.1796875	0.14684684684684685	-1
Cas3-Cas2_0_IF	NZ_CP026538.1_1407	833	1110	0.00065	15.4	1620670	1623168	NZ_CP026538.1	1407	0.12965186074429771	0.0981981981981982	1
Cas3HD_0_CAS-I	NZ_CP026538.1_1173	896	203	2.7e-26	90.5	1338042	1340729	NZ_CP026538.1	1173	0.22767857142857142	0.9753694581280788	-1
Cas3HD_0_CAS-I	NZ_CP026538.1_1407	833	203	9.6e-34	114.9	1620670	1623168	NZ_CP026538.1	1407	0.3085234093637455	0.9753694581280788	1
Cas3HD_0_CAS-I	NZ_CP026538.1_171	420	203	0.022	12.4	198483	199742	NZ_CP026538.1	171	0.10238095238095238	0.22660098522167488	-1
Cas3HD_0_CAS-I	NZ_CP026538.1_2237	585	203	0.034	11.9	2542066	2543820	NZ_CP026538.1	2237	0.07008547008547009	0.22660098522167488	-1
Cas3HD_0_CAS-I	NZ_CP026538.1_2241	451	203	5.8e-07	27.4	2546092	2547444	NZ_CP026538.1	2241	0.20620842572062084	0.5320197044334976	-1
Cas3HD_0_CAS-I	NZ_CP026538.1_2340	429	203	0.019	12.7	2647537	2648823	NZ_CP026538.1	2340	0.29603729603729606	0.7044334975369458	1
Cas3HD_0_CAS-I	NZ_CP026538.1_2381	468	203	1e-06	26.6	2696024	2697427	NZ_CP026538.1	2381	0.19444444444444445	0.5221674876847291	1
Cas3HD_0_CAS-I	NZ_CP026538.1_2607	231	203	7.5e-05	20.5	2965195	2965887	NZ_CP026538.1	2607	0.39826839826839827	0.5172413793103449	1
Cas3HD_0_CAS-I	NZ_CP026538.1_2644	772	203	7.1e-06	23.9	3010078	3012393	NZ_CP026538.1	2644	0.21632124352331605	0.7339901477832512	1
Cas3HD_0_CAS-I	NZ_CP026538.1_2702	263	203	9.9e-07	26.7	3081923	3082711	NZ_CP026538.1	2702	0.43346007604562736	0.6305418719211823	1
Cas3HD_0_CAS-I	NZ_CP026538.1_2880	410	203	2.2e-05	22.3	3289699	3290928	NZ_CP026538.1	2880	0.24878048780487805	0.5270935960591133	1
Cas3HD_0_CAS-I	NZ_CP026538.1_3189	391	203	0.0066	14.2	3633141	3634313	NZ_CP026538.1	3189	0.15089514066496162	0.31527093596059114	1
Cas3HD_0_CAS-I	NZ_CP026538.1_335	440	203	8.4e-05	20.4	394009	395328	NZ_CP026538.1	335	0.16818181818181818	0.4187192118226601	-1
Cas3HD_0_CAS-I	NZ_CP026538.1_3520	401	203	0.03	12.0	4016954	4018156	NZ_CP026538.1	3520	0.1396508728179551	0.30049261083743845	-1
Cas3HD_0_CAS-I	NZ_CP026538.1_3585	520	203	1.7e-06	25.9	4085777	4087336	NZ_CP026538.1	3585	0.2153846153846154	0.6551724137931034	-1
Cas3HD_0_CAS-I	NZ_CP026538.1_3626	405	203	0.00039	18.2	4125088	4126302	NZ_CP026538.1	3626	0.25679012345679014	0.5369458128078818	-1
Cas3HD_0_CAS-I	NZ_CP026538.1_3931	324	203	0.006	14.3	4470673	4471644	NZ_CP026538.1	3931	0.21296296296296297	0.4187192118226601	-1
Cas3HD_0_CAS-I	NZ_CP026538.1_555	344	203	8.9e-08	30.1	625221	626252	NZ_CP026538.1	555	0.436046511627907	0.7832512315270936	1
Cas3HD_0_CAS-I	NZ_CP026538.1_655	407	203	1.7e-06	25.9	737180	738400	NZ_CP026538.1	655	0.25552825552825553	0.5270935960591133	1
Cas3HD_0_CAS-I	NZ_CP026538.1_66	441	203	0.0013	16.4	76681	78003	NZ_CP026538.1	66	0.17233560090702948	0.45320197044334976	1
Cas3HD_0_CAS-I	NZ_CP026538.1_690	573	203	0.0042	14.8	773401	775119	NZ_CP026538.1	690	0.15532286212914484	0.4433497536945813	-1
Cas3HD_0_CAS-I	NZ_CP026538.1_761	406	203	0.00015	19.5	852843	854060	NZ_CP026538.1	761	0.2536945812807882	0.5221674876847291	1
Cas3HD_0_CAS-I	NZ_CP026538.1_967	379	203	1.3e-06	26.3	1107333	1108469	NZ_CP026538.1	967	0.24538258575197888	0.5369458128078818	-1
Cas3HD_0_CAS-I	NZ_CP026538.1_979	280	203	0.0001	20.1	1120917	1121756	NZ_CP026538.1	979	0.30714285714285716	0.4039408866995074	1
Cas3HD_0_CAS-I	NZ_CP026538.1_996	433	203	0.0013	16.4	1139144	1140442	NZ_CP026538.1	996	0.23325635103926096	0.5221674876847291	1
Cas3HD_1_CAS-I	NZ_CP026538.1_1173	896	191	0.029	12.1	1338042	1340729	NZ_CP026538.1	1173	0.03125	0.14659685863874344	-1
Cas3HD_2_CAS-I	NZ_CP026538.1_1173	896	231	0.017	12.6	1338042	1340729	NZ_CP026538.1	1173	0.03236607142857143	0.12554112554112554	-1
Cas3HD_2_CAS-I	NZ_CP026538.1_2521	678	231	0.0061	14.1	2854997	2857030	NZ_CP026538.1	2521	0.23156342182890854	0.5281385281385281	-1
Cas3HD_2_CAS-I	NZ_CP026538.1_2607	231	231	0.039	11.4	2965195	2965887	NZ_CP026538.1	2607	0.16017316017316016	0.16017316017316016	1
Cas3_0_CAS-I	NZ_CP026538.1_1173	896	353	4.2000000000000005e-58	195.0	1338042	1340729	NZ_CP026538.1	1173	0.4642857142857143	0.9745042492917847	-1
Cas3_0_CAS-I	NZ_CP026538.1_1202	965	353	0.0048	13.9	1381328	1384222	NZ_CP026538.1	1202	0.10362694300518134	0.2719546742209632	1
Cas3_0_CAS-I	NZ_CP026538.1_1407	833	353	3.9000000000000004e-33	112.9	1620670	1623168	NZ_CP026538.1	1407	0.4009603841536615	0.9206798866855525	1
Cas3_0_CAS-I	NZ_CP026538.1_1958	1473	353	1.4e-08	32.2	2244000	2248418	NZ_CP026538.1	1958	0.22131704005431094	0.8753541076487252	1
Cas3_0_CAS-I	NZ_CP026538.1_1993	1149	353	5.9e-08	30.1	2290029	2293475	NZ_CP026538.1	1993	0.2071366405570061	0.8696883852691218	1
Cas3_0_CAS-I	NZ_CP026538.1_3946	988	353	1.1e-10	39.0	4490668	4493631	NZ_CP026538.1	3946	0.31983805668016196	0.9150141643059491	1
Cas3_0_CAS-I	NZ_CP026538.1_648	403	353	0.00011	19.4	725905	727113	NZ_CP026538.1	648	0.16377171215880892	0.18413597733711048	1
Cas3_0_CAS-I	NZ_CP026540.1_2	1132	353	0.0048	13.9	299	3694	NZ_CP026540.1	2	0.05830388692579505	0.1954674220963173	1
Cas3_0_CAS-I-D	NZ_CP026538.1_1173	896	626	0.002	14.3	1338042	1340729	NZ_CP026538.1	1173	0.12834821428571427	0.1853035143769968	-1
Cas3_0_CAS-I-D	NZ_CP026538.1_1407	833	626	4.4e-08	29.7	1620670	1623168	NZ_CP026538.1	1407	0.22929171668667467	0.26038338658146964	1
Cas3_0_CAS-I-D	NZ_CP026538.1_1507	744	626	0.00015	18.0	1719128	1721359	NZ_CP026538.1	1507	0.2271505376344086	0.2747603833865815	1
Cas3_0_CAS-I-D	NZ_CP026538.1_1958	1473	626	0.0013	14.9	2244000	2248418	NZ_CP026538.1	1958	0.08078750848608282	0.19329073482428116	1
Cas3_0_CAS-I-D	NZ_CP026538.1_3946	988	626	3.2e-07	26.8	4490668	4493631	NZ_CP026538.1	3946	0.21558704453441296	0.3274760383386581	1
Cas3_0_CAS-I-U	NZ_CP026538.1_1173	896	843	1.7e-09	33.9	1338042	1340729	NZ_CP026538.1	1173	0.15848214285714285	0.17200474495848161	-1
Cas3_0_CAS-I-U	NZ_CP026538.1_1202	965	843	0.0018	14.0	1381328	1384222	NZ_CP026538.1	1202	0.06321243523316063	0.06761565836298933	1
Cas3_0_CAS-I-U	NZ_CP026538.1_1407	833	843	2.2e-14	50.2	1620670	1623168	NZ_CP026538.1	1407	0.2857142857142857	0.2977461447212337	1
Cas3_0_CAS-I-U	NZ_CP026538.1_2381	468	843	0.00073	15.3	2696024	2697427	NZ_CP026538.1	2381	0.08333333333333333	0.045077105575326216	1
Cas3_0_CAS-I-U	NZ_CP026538.1_2607	231	843	0.0024	13.6	2965195	2965887	NZ_CP026538.1	2607	0.19480519480519481	0.05219454329774614	1
Cas3_0_CAS-I-U	NZ_CP026538.1_59	281	843	0.063	8.9	69461	70303	NZ_CP026538.1	59	0.23487544483985764	0.0771055753262159	1
Cas3_0_I	NZ_CP026538.1_1173	896	358	6e-56	187.9	1338042	1340729	NZ_CP026538.1	1173	0.46316964285714285	0.9720670391061452	-1
Cas3_0_I	NZ_CP026538.1_1202	965	358	0.0057	13.6	1381328	1384222	NZ_CP026538.1	1202	0.09844559585492228	0.2541899441340782	1
Cas3_0_I	NZ_CP026538.1_1407	833	358	5.4e-33	112.4	1620670	1623168	NZ_CP026538.1	1407	0.3937575030012005	0.9078212290502793	1
Cas3_0_I	NZ_CP026538.1_1958	1473	358	4e-08	30.6	2244000	2248418	NZ_CP026538.1	1958	0.22131704005431094	0.8743016759776536	1
Cas3_0_I	NZ_CP026538.1_1993	1149	358	2.8e-07	27.8	2290029	2293475	NZ_CP026538.1	1993	0.18798955613577023	0.6256983240223464	1
Cas3_0_I	NZ_CP026538.1_3946	988	358	1e-08	32.5	4490668	4493631	NZ_CP026538.1	3946	0.3168016194331984	0.8994413407821229	1
Cas3_0_I	NZ_CP026538.1_648	403	358	0.00041	17.4	725905	727113	NZ_CP026538.1	648	0.16129032258064516	0.1787709497206704	1
Cas3_0_I	NZ_CP026540.1_2	1132	358	0.031	11.2	299	3694	NZ_CP026540.1	2	0.053886925795053005	0.18156424581005587	1
Cas3_0_ID	NZ_CP026538.1_1173	896	357	0.042	10.8	1338042	1340729	NZ_CP026538.1	1173	0.07254464285714286	0.18487394957983194	-1
Cas3_0_ID	NZ_CP026538.1_1958	1473	357	0.00036	17.6	2244000	2248418	NZ_CP026538.1	1958	0.22267481330617786	0.9523809523809523	1
Cas3_0_ID	NZ_CP026538.1_2373	793	357	0.034	11.1	2685897	2688275	NZ_CP026538.1	2373	0.11097099621689786	0.18487394957983194	-1
Cas3_0_ID	NZ_CP026538.1_248	567	357	0.021	11.8	286463	288163	NZ_CP026538.1	248	0.16225749559082892	0.22408963585434175	-1
Cas3_0_ID	NZ_CP026538.1_3946	988	357	1.1e-09	35.7	4490668	4493631	NZ_CP026538.1	3946	0.19129554655870445	0.5798319327731093	1
Cas3_0_IU	NZ_CP026538.1_1173	896	864	2.6e-08	30.1	1338042	1340729	NZ_CP026538.1	1173	0.13839285714285715	0.15046296296296297	-1
Cas3_0_IU	NZ_CP026538.1_1202	965	864	0.00024	17.0	1381328	1384222	NZ_CP026538.1	1202	0.06217616580310881	0.06597222222222222	1
Cas3_0_IU	NZ_CP026538.1_1407	833	864	5.1e-14	49.0	1620670	1623168	NZ_CP026538.1	1407	0.24489795918367346	0.21296296296296297	1
Cas3_0_IU	NZ_CP026538.1_2237	585	864	0.00032	16.6	2542066	2543820	NZ_CP026538.1	2237	0.0735042735042735	0.04976851851851852	-1
Cas3_0_IU	NZ_CP026538.1_2241	451	864	7.9e-05	18.6	2546092	2547444	NZ_CP026538.1	2241	0.08869179600886919	0.046296296296296294	-1
Cas3_0_IU	NZ_CP026538.1_2381	468	864	4.1e-05	19.6	2696024	2697427	NZ_CP026538.1	2381	0.08333333333333333	0.04513888888888889	1
Cas3_0_IU	NZ_CP026538.1_2607	231	864	2e-05	20.6	2965195	2965887	NZ_CP026538.1	2607	0.22943722943722944	0.061342592592592594	1
Cas3_0_IU	NZ_CP026538.1_2702	263	864	0.0032	13.3	3081923	3082711	NZ_CP026538.1	2702	0.23954372623574144	0.07291666666666667	1
Cas3_0_IU	NZ_CP026538.1_3079	361	864	0.00018	17.5	3498414	3499496	NZ_CP026538.1	3079	0.12465373961218837	0.052083333333333336	1
Cas3_0_IU	NZ_CP026538.1_3189	391	864	0.0017	14.2	3633141	3634313	NZ_CP026538.1	3189	0.10485933503836317	0.047453703703703706	1
Cas3_0_IU	NZ_CP026538.1_3520	401	864	0.048	9.4	4016954	4018156	NZ_CP026538.1	3520	0.09975062344139651	0.046296296296296294	-1
Cas3_0_IU	NZ_CP026538.1_3946	988	864	0.0014	14.5	4490668	4493631	NZ_CP026538.1	3946	0.06680161943319839	0.07175925925925926	1
Cas3_1_CAS-I	NZ_CP026538.1_1173	896	745	1.2e-59	200.2	1338042	1340729	NZ_CP026538.1	1173	0.44308035714285715	0.47248322147651006	-1
Cas3_1_CAS-I	NZ_CP026538.1_1407	833	745	3.1e-52	175.8	1620670	1623168	NZ_CP026538.1	1407	0.4069627851140456	0.4590604026845638	1
Cas3_1_CAS-I	NZ_CP026538.1_1958	1473	745	0.026	10.7	2244000	2248418	NZ_CP026538.1	1958	0.15410726408689748	0.2912751677852349	1
Cas3_1_CAS-I	NZ_CP026538.1_1993	1149	745	0.002	14.4	2290029	2293475	NZ_CP026538.1	1993	0.1462140992167102	0.23355704697986576	1
Cas3_1_CAS-I	NZ_CP026538.1_248	567	745	0.00054	16.3	286463	288163	NZ_CP026538.1	248	0.19929453262786595	0.15838926174496645	-1
Cas3_1_CAS-I	NZ_CP026538.1_3946	988	745	0.00024	17.4	4490668	4493631	NZ_CP026538.1	3946	0.15182186234817813	0.21610738255033557	1
Cas3_1_CAS-I	NZ_CP026538.1_648	403	745	0.00017	17.9	725905	727113	NZ_CP026538.1	648	0.11662531017369727	0.06442953020134229	1
Cas3_1_CAS-I-D	NZ_CP026538.1_1173	896	353	0.058	10.3	1338042	1340729	NZ_CP026538.1	1173	0.07254464285714286	0.18696883852691218	-1
Cas3_1_CAS-I-D	NZ_CP026538.1_1507	744	353	0.011	12.7	1719128	1721359	NZ_CP026538.1	1507	0.10618279569892473	0.23229461756373937	1
Cas3_1_CAS-I-D	NZ_CP026538.1_1958	1473	353	0.0035	14.3	2244000	2248418	NZ_CP026538.1	1958	0.09504412763068568	0.41076487252124644	1
Cas3_1_CAS-I-D	NZ_CP026538.1_2373	793	353	0.018	12.0	2685897	2688275	NZ_CP026538.1	2373	0.11853720050441362	0.5127478753541076	-1
Cas3_1_CAS-I-D	NZ_CP026538.1_248	567	353	0.0056	13.7	286463	288163	NZ_CP026538.1	248	0.1781305114638448	0.2521246458923513	-1
Cas3_1_CAS-I-D	NZ_CP026538.1_3946	988	353	1.3e-09	35.5	4490668	4493631	NZ_CP026538.1	3946	0.1791497975708502	0.5410764872521246	1
Cas3_1_I	NZ_CP026538.1_1173	896	178	2.5e-23	80.9	1338042	1340729	NZ_CP026538.1	1173	0.21763392857142858	0.9943820224719101	-1
Cas3_1_I	NZ_CP026538.1_1407	833	178	1.7000000000000003e-28	97.7	1620670	1623168	NZ_CP026538.1	1407	0.2845138055222089	1.0	1
Cas3_1_I	NZ_CP026538.1_171	420	178	0.033	12.1	198483	199742	NZ_CP026538.1	171	0.09523809523809523	0.23595505617977527	-1
Cas3_1_I	NZ_CP026538.1_1952	220	178	0.0058	14.6	2239164	2239823	NZ_CP026538.1	1952	0.18636363636363637	0.24157303370786518	-1
Cas3_1_I	NZ_CP026538.1_2241	451	178	6.3e-05	21.0	2546092	2547444	NZ_CP026538.1	2241	0.21951219512195122	0.6179775280898876	-1
Cas3_1_I	NZ_CP026538.1_2381	468	178	2.1e-06	25.7	2696024	2697427	NZ_CP026538.1	2381	0.2222222222222222	0.6235955056179775	1
Cas3_1_I	NZ_CP026538.1_2607	231	178	7.3e-05	20.7	2965195	2965887	NZ_CP026538.1	2607	0.17316017316017315	0.24719101123595505	1
Cas3_1_I	NZ_CP026538.1_2644	772	178	4.2e-06	24.8	3010078	3012393	NZ_CP026538.1	2644	0.13471502590673576	0.5674157303370787	1
Cas3_1_I	NZ_CP026538.1_2702	263	178	1.1e-07	29.9	3081923	3082711	NZ_CP026538.1	2702	0.376425855513308	0.6123595505617978	1
Cas3_1_I	NZ_CP026538.1_2880	410	178	0.00041	18.3	3289699	3290928	NZ_CP026538.1	2880	0.24390243902439024	0.5674157303370787	1
Cas3_1_I	NZ_CP026538.1_335	440	178	0.0005	18.0	394009	395328	NZ_CP026538.1	335	0.15681818181818183	0.42134831460674155	-1
Cas3_1_I	NZ_CP026538.1_3585	520	178	0.001	17.0	4085777	4087336	NZ_CP026538.1	3585	0.07115384615384615	0.24719101123595505	-1
Cas3_1_I	NZ_CP026538.1_3626	405	178	0.00053	17.9	4125088	4126302	NZ_CP026538.1	3626	0.24938271604938272	0.5730337078651685	-1
Cas3_1_I	NZ_CP026538.1_3931	324	178	0.014	13.3	4470673	4471644	NZ_CP026538.1	3931	0.21604938271604937	0.47191011235955055	-1
Cas3_1_I	NZ_CP026538.1_555	344	178	7.3e-08	30.5	625221	626252	NZ_CP026538.1	555	0.3866279069767442	0.7865168539325843	1
Cas3_1_I	NZ_CP026538.1_655	407	178	1.4e-05	23.1	737180	738400	NZ_CP026538.1	655	0.25307125307125306	0.5730337078651685	1
Cas3_1_I	NZ_CP026538.1_66	441	178	0.0096	13.8	76681	78003	NZ_CP026538.1	66	0.16326530612244897	0.449438202247191	1
Cas3_1_I	NZ_CP026538.1_690	573	178	0.03	12.2	773401	775119	NZ_CP026538.1	690	0.10471204188481675	0.2696629213483146	-1
Cas3_1_I	NZ_CP026538.1_761	406	178	0.0043	15.0	852843	854060	NZ_CP026538.1	761	0.10098522167487685	0.25280898876404495	1
Cas3_1_I	NZ_CP026538.1_967	379	178	1.6e-06	26.2	1107333	1108469	NZ_CP026538.1	967	0.25065963060686014	0.5786516853932584	-1
Cas3_1_I	NZ_CP026538.1_996	433	178	0.0012	16.8	1139144	1140442	NZ_CP026538.1	996	0.21709006928406466	0.5337078651685393	1
Cas3_2_CAS-I	NZ_CP026538.1_1173	896	967	0.0093	11.9	1338042	1340729	NZ_CP026538.1	1173	0.044642857142857144	0.04136504653567735	-1
Cas3_2_CAS-I	NZ_CP026538.1_1202	965	967	3.1e-05	20.1	1381328	1384222	NZ_CP026538.1	1202	0.17616580310880828	0.16752843846949328	1
Cas3_2_CAS-I	NZ_CP026538.1_1407	833	967	0.0022	14.0	1620670	1623168	NZ_CP026538.1	1407	0.1368547418967587	0.11478800413650465	1
Cas3_2_CAS-I	NZ_CP026538.1_1993	1149	967	0.00066	15.7	2290029	2293475	NZ_CP026538.1	1993	0.06527415143603134	0.0734229576008273	1
Cas3_2_CAS-I	NZ_CP026538.1_248	567	967	1.4e-06	24.6	286463	288163	NZ_CP026538.1	248	0.3527336860670194	0.19751809720785937	-1
Cas3_2_CAS-I	NZ_CP026538.1_3946	988	967	7.7e-16	55.2	4490668	4493631	NZ_CP026538.1	3946	0.2682186234817814	0.26990692864529475	1
Cas3d_0_CAS-I-D	NZ_CP026538.1_1407	833	639	0.021	11.1	1620670	1623168	NZ_CP026538.1	1407	0.15726290516206481	0.20657276995305165	1
Cas3d_0_CAS-I-D	NZ_CP026538.1_1958	1473	639	0.00098	15.5	2244000	2248418	NZ_CP026538.1	1958	0.06313645621181263	0.14397496087636932	1
Cas3d_0_CAS-I-D	NZ_CP026538.1_3946	988	639	7.5e-09	32.4	4490668	4493631	NZ_CP026538.1	3946	0.152834008097166	0.22848200312989045	1
Cas4_0_CAS-I-II-III-IV-V-VI	NZ_CP026538.1_1411	214	179	7e-38	128.5	1627306	1627947	NZ_CP026538.1	1411	0.8644859813084113	1.0	1
Cas4_0_CAS-I-II-III-IV-V-VI	NZ_CP026538.1_3828	685	179	0.02	13.0	4367954	4370008	NZ_CP026538.1	3828	0.0948905109489051	0.3743016759776536	1
Cas4_0_CAS-I-II-III-IV-V-VI	NZ_CP026538.1_983	989	179	0.0003	18.9	1124618	1127584	NZ_CP026538.1	983	0.15470171890798787	0.8044692737430168	-1
Cas4_0_I-II	NZ_CP026538.1_1411	214	180	1.1e-41	140.5	1627306	1627947	NZ_CP026538.1	1411	0.8691588785046729	1.0	1
Cas4_0_I-II	NZ_CP026538.1_983	989	180	0.00094	16.9	1124618	1127584	NZ_CP026538.1	983	0.0910010111223458	0.4722222222222222	-1
Cas4_0_I-II-V	NZ_CP026538.1_1411	214	177	9.700000000000001e-34	114.8	1627306	1627947	NZ_CP026538.1	1411	0.8644859813084113	1.0	1
Cas4_0_I-II-V	NZ_CP026538.1_3828	685	177	0.012	13.5	4367954	4370008	NZ_CP026538.1	3828	0.07445255474452554	0.288135593220339	1
Cas4_0_I-II-V	NZ_CP026538.1_983	989	177	0.0052	14.7	1124618	1127584	NZ_CP026538.1	983	0.08291203235591507	0.4689265536723164	-1
Cas4_0_V	NZ_CP026538.1_1411	214	178	9.8e-06	23.5	1627306	1627947	NZ_CP026538.1	1411	0.5420560747663551	0.6292134831460674	1
Cas4_3_CAS-I-II-III-IV-V-VI	NZ_CP026538.1_1411	214	197	1.6e-26	91.5	1627306	1627947	NZ_CP026538.1	1411	0.8691588785046729	0.9137055837563451	1
Cas4_5_CAS-I-II-III-IV-V-VI	NZ_CP026538.1_1411	214	161	3.7e-38	129.1	1627306	1627947	NZ_CP026538.1	1411	0.8598130841121495	0.9937888198757764	1
Cas5_0_CAS-I	NZ_CP026538.1_1169	267	201	7.5e-40	134.7	1333294	1334094	NZ_CP026538.1	1169	0.7228464419475655	0.8009950248756219	-1
Cas5_0_CAS-I	NZ_CP026538.1_1408	264	201	1.8e-30	104.1	1623182	1623973	NZ_CP026538.1	1408	0.7234848484848485	0.9701492537313433	1
Cas5_0_CAS-I-B	NZ_CP026538.1_1169	267	221	0.0083	13.5	1333294	1334094	NZ_CP026538.1	1169	0.16853932584269662	0.2081447963800905	-1
Cas5_0_CAS-I-C	NZ_CP026538.1_1408	264	198	3.6e-60	201.1	1623182	1623973	NZ_CP026538.1	1408	0.7348484848484849	0.98989898989899	1
Cas5_0_CAS-I-E	NZ_CP026538.1_1169	267	182	2.8e-48	162.0	1333294	1334094	NZ_CP026538.1	1169	0.6966292134831461	0.9560439560439561	-1
Cas5_0_I	NZ_CP026538.1_1169	267	43	8.9e-09	32.9	1333294	1334094	NZ_CP026538.1	1169	0.15730337078651685	0.9767441860465116	-1
Cas5_0_I	NZ_CP026538.1_1408	264	43	1.3e-10	38.7	1623182	1623973	NZ_CP026538.1	1408	0.1590909090909091	0.9302325581395349	1
Cas5_0_IC	NZ_CP026538.1_1408	264	203	2.3999999999999996e-69	231.4	1623182	1623973	NZ_CP026538.1	1408	0.7386363636363636	0.9655172413793104	1
Cas5_0_IE	NZ_CP026538.1_1169	267	230	1.7e-54	182.8	1333294	1334094	NZ_CP026538.1	1169	0.8913857677902621	0.9782608695652174	-1
Cas5_10_CAS-I-B	NZ_CP026538.1_1169	267	238	8.1e-05	20.0	1333294	1334094	NZ_CP026538.1	1169	0.352059925093633	0.37815126050420167	-1
Cas5_1_CAS-I-C	NZ_CP026538.1_1408	264	198	1.7e-60	202.2	1623182	1623973	NZ_CP026538.1	1408	0.7348484848484849	0.98989898989899	1
Cas5_1_CAS-I-E	NZ_CP026538.1_1169	267	180	1e-46	156.9	1333294	1334094	NZ_CP026538.1	1169	0.6966292134831461	0.9666666666666667	-1
Cas5_2_CAS-I	NZ_CP026538.1_1169	267	213	2.2e-38	130.2	1333294	1334094	NZ_CP026538.1	1169	0.7265917602996255	0.8685446009389671	-1
Cas5_2_CAS-I	NZ_CP026538.1_1408	264	213	7.7e-46	154.6	1623182	1623973	NZ_CP026538.1	1408	0.7272727272727273	0.9765258215962441	1
Cas5_2_CAS-I	NZ_CP026538.1_2675	146	213	0.028	12.2	3050227	3050664	NZ_CP026538.1	2675	0.6027397260273972	0.3474178403755869	-1
Cas5_4_CAS-I-B	NZ_CP026538.1_1169	267	190	0.049	11.1	1333294	1334094	NZ_CP026538.1	1169	0.10861423220973783	0.15263157894736842	-1
Cas5_7_CAS-I-B	NZ_CP026538.1_1169	267	239	0.05	11.1	1333294	1334094	NZ_CP026538.1	1169	0.1947565543071161	0.2175732217573222	-1
Cas6_0_IE	NZ_CP026538.1_1168	212	208	2.7000000000000004e-32	110.6	1332672	1333307	NZ_CP026538.1	1168	0.9905660377358491	0.9951923076923077	-1
Cas6_0_IVA3	NZ_CP026538.1_1168	212	189	6.9e-05	20.6	1332672	1333307	NZ_CP026538.1	1168	0.4009433962264151	0.43386243386243384	-1
Cas6_15_CAS-I-II-III-IV-V-VI	NZ_CP026538.1_427	295	112	0.047	12.2	490122	491006	NZ_CP026538.1	427	0.18305084745762712	0.41964285714285715	1
Cas6_1_CAS-III-D	NZ_CP026538.1_1979	91	316	0.035	11.2	2276492	2276764	NZ_CP026538.1	1979	0.42857142857142855	0.11708860759493671	1
Cas6_3_IVA	NZ_CP026538.1_1602	280	192	0.013	13.2	1826246	1827085	NZ_CP026538.1	1602	0.34285714285714286	0.4895833333333333	1
Cas6_4_CAS-I-II-III-IV-V-VI	NZ_CP026538.1_70	125	289	0.032	11.6	80513	80887	NZ_CP026538.1	70	0.6	0.2491349480968858	1
Cas6_5_IV	NZ_CP026538.1_1168	212	188	2e-07	28.9	1332672	1333307	NZ_CP026538.1	1168	0.2169811320754717	0.24468085106382978	-1
Cas6e_0_CAS-I-II-III-IV-V-VI	NZ_CP026538.1_1168	212	210	6.2000000000000005e-30	102.7	1332672	1333307	NZ_CP026538.1	1168	0.9905660377358491	0.9952380952380953	-1
Cas6e_1_CAS-I-II-III-IV-V-VI	NZ_CP026538.1_1168	212	212	2e-36	123.9	1332672	1333307	NZ_CP026538.1	1168	0.9905660377358491	1.0	-1
Cas6e_2_CAS-I-II-III-IV-V-VI	NZ_CP026538.1_1168	212	202	1.3999999999999999e-39	134.4	1332672	1333307	NZ_CP026538.1	1168	0.9528301886792453	0.9455445544554455	-1
Cas7_0_CAS-I-C	NZ_CP026538.1_1410	285	268	1.0000000000000001e-66	223.1	1625990	1626844	NZ_CP026538.1	1410	0.8912280701754386	0.9029850746268657	1
Cas7_0_CAS-I-E	NZ_CP026538.1_1170	386	325	2.8e-86	288.2	1334098	1335255	NZ_CP026538.1	1170	0.9222797927461139	1.0	-1
Cas7_0_IC	NZ_CP026538.1_1410	285	284	1.6e-97	324.2	1625990	1626844	NZ_CP026538.1	1410	0.8982456140350877	0.8838028169014085	1
Cas7_0_IE	NZ_CP026538.1_1170	386	325	3.4e-86	288.0	1334098	1335255	NZ_CP026538.1	1170	0.9222797927461139	1.0	-1
Cas7_1_CAS-I-B	NZ_CP026538.1_1410	285	286	6.1e-26	89.3	1625990	1626844	NZ_CP026538.1	1410	0.7578947368421053	0.7097902097902098	1
Cas7_1_CAS-I-C	NZ_CP026538.1_1410	285	278	5.4e-96	319.0	1625990	1626844	NZ_CP026538.1	1410	0.8982456140350877	0.8848920863309353	1
Cas7_1_CAS-I-E	NZ_CP026538.1_1170	386	359	3.3e-92	307.6	1334098	1335255	NZ_CP026538.1	1170	0.927461139896373	0.9080779944289693	-1
Cas7_2_CAS-I-C	NZ_CP026538.1_1410	285	283	6.7e-98	325.4	1625990	1626844	NZ_CP026538.1	1410	0.9052631578947369	0.8551236749116607	1
Cas7_2_IB	NZ_CP026538.1_1410	285	286	8.2e-26	88.9	1625990	1626844	NZ_CP026538.1	1410	0.7578947368421053	0.7097902097902098	1
Cas7_3_IB	NZ_CP026538.1_1410	285	268	2.9e-67	224.9	1625990	1626844	NZ_CP026538.1	1410	0.8912280701754386	0.9067164179104478	1
Cas7b_0_CAS-I-B-I-C	NZ_CP026538.1_1170	386	254	0.00026	18.5	1334098	1335255	NZ_CP026538.1	1170	0.37305699481865284	0.5826771653543307	-1
Cas7b_0_CAS-I-B-I-C	NZ_CP026538.1_1410	285	254	8.8e-84	278.9	1625990	1626844	NZ_CP026538.1	1410	0.9052631578947369	0.9291338582677166	1
Cas8a1_1_CAS-I-A	NZ_CP026538.1_1941	769	296	0.055	10.5	2226793	2229099	NZ_CP026538.1	1941	0.053315994798439535	0.13851351351351351	1
Cas8c_0_CAS-I-C	NZ_CP026538.1_1409	670	576	5.5e-106	353.3	1623979	1625988	NZ_CP026538.1	1409	0.9805970149253731	0.9947916666666666	1
Cas8c_0_IC	NZ_CP026538.1_1409	670	588	7.6e-108	359.4	1623979	1625988	NZ_CP026538.1	1409	0.982089552238806	0.9982993197278912	1
Cas8c_1_CAS-I-C	NZ_CP026538.1_1409	670	570	5.3e-161	534.9	1623979	1625988	NZ_CP026538.1	1409	0.9746268656716418	1.0	1
Cas8c_2_CAS-I-C	NZ_CP026538.1_1409	670	713	5.6e-05	19.7	1623979	1625988	NZ_CP026538.1	1409	0.3835820895522388	0.34782608695652173	1
Cas8c_3_CAS-I-C	NZ_CP026538.1_1409	670	559	6.3e-157	521.3	1623979	1625988	NZ_CP026538.1	1409	0.9686567164179104	1.0	1
Cas8e_0_CAS-I-E	NZ_CP026538.1_1172	551	470	9.4e-73	243.7	1335790	1337442	NZ_CP026538.1	1172	0.8929219600725953	0.9106382978723404	-1
Cas8e_1_CAS-I-E	NZ_CP026538.1_1172	551	474	5.6e-104	346.7	1335790	1337442	NZ_CP026538.1	1172	0.9074410163339383	0.9957805907172996	-1
Cas8e_4_CAS-I-E	NZ_CP026538.1_1172	551	465	4.9e-90	300.6	1335790	1337442	NZ_CP026538.1	1172	0.8838475499092558	0.9913978494623656	-1
CasR_0_CAS-I-II-III-IV-V-VI	NZ_CP026538.1_1467	175	198	0.062	10.8	1676161	1676685	NZ_CP026538.1	1467	0.18285714285714286	0.16161616161616163	-1
CasR_0_CAS-I-II-III-IV-V-VI	NZ_CP026538.1_1832	124	198	0.0049	14.4	2091466	2091837	NZ_CP026538.1	1832	0.41935483870967744	0.2676767676767677	1
CasR_0_CAS-I-II-III-IV-V-VI	NZ_CP026538.1_1918	114	198	0.0021	15.6	2195867	2196208	NZ_CP026538.1	1918	0.4473684210526316	0.2676767676767677	-1
CasR_0_CAS-I-II-III-IV-V-VI	NZ_CP026538.1_2125	154	198	0.01	13.3	2424316	2424777	NZ_CP026538.1	2125	0.2987012987012987	0.23232323232323232	-1
CasR_0_CAS-I-II-III-IV-V-VI	NZ_CP026538.1_2265	227	198	0.015	12.8	2569333	2570013	NZ_CP026538.1	2265	0.15859030837004406	0.1919191919191919	-1
CasR_0_CAS-I-II-III-IV-V-VI	NZ_CP026538.1_256	158	198	0.0042	14.6	294412	294885	NZ_CP026538.1	256	0.3037974683544304	0.24242424242424243	-1
CasR_0_CAS-I-II-III-IV-V-VI	NZ_CP026538.1_2613	150	198	0.00072	17.1	2974006	2974455	NZ_CP026538.1	2613	0.42	0.30808080808080807	1
CasR_0_CAS-I-II-III-IV-V-VI	NZ_CP026538.1_2636	138	198	0.0034	14.9	3001044	3001457	NZ_CP026538.1	2636	0.41304347826086957	0.2878787878787879	-1
CasR_0_CAS-I-II-III-IV-V-VI	NZ_CP026538.1_2675	146	198	0.00024	18.6	3050227	3050664	NZ_CP026538.1	2675	0.3082191780821918	0.21717171717171718	-1
CasR_0_CAS-I-II-III-IV-V-VI	NZ_CP026538.1_3253	157	198	0.017	12.6	3713578	3714048	NZ_CP026538.1	3253	0.37579617834394907	0.2777777777777778	1
CasR_0_CAS-I-II-III-IV-V-VI	NZ_CP026538.1_3265	155	198	8.6e-06	23.4	3727203	3727667	NZ_CP026538.1	3265	0.41935483870967744	0.30808080808080807	1
CasR_0_CAS-I-II-III-IV-V-VI	NZ_CP026538.1_3797	136	198	0.00021	18.8	4326901	4327308	NZ_CP026538.1	3797	0.45588235294117646	0.31313131313131315	-1
CasR_0_CAS-I-II-III-IV-V-VI	NZ_CP026538.1_425	99	198	0.0018	15.8	488020	488316	NZ_CP026538.1	425	0.3333333333333333	0.16666666666666666	1
CasR_0_CAS-I-II-III-IV-V-VI	NZ_CP026538.1_653	149	198	0.0057	14.2	734693	735139	NZ_CP026538.1	653	0.2751677852348993	0.20202020202020202	1
CasR_0_CAS-III-B	NZ_CP026538.1_3117	670	480	0.021	11.4	3545037	3547046	NZ_CP026538.1	3117	0.07313432835820896	0.09791666666666667	1
CasR_0_CAS-III-B	NZ_CP026538.1_3822	809	480	0.021	11.4	4359719	4362145	NZ_CP026538.1	3822	0.07663782447466007	0.12083333333333333	-1
CasR_1_CAS-I-II-III-IV-V-VI	NZ_CP026538.1_1176	259	218	0.013	12.6	1343939	1344715	NZ_CP026538.1	1176	0.1583011583011583	0.19724770642201836	-1
CasR_1_CAS-I-II-III-IV-V-VI	NZ_CP026538.1_1467	175	218	0.048	10.7	1676161	1676685	NZ_CP026538.1	1467	0.2914285714285714	0.1559633027522936	-1
CasR_1_CAS-I-II-III-IV-V-VI	NZ_CP026538.1_1832	124	218	0.0035	14.4	2091466	2091837	NZ_CP026538.1	1832	0.3951612903225806	0.23853211009174313	1
CasR_1_CAS-I-II-III-IV-V-VI	NZ_CP026538.1_1918	114	218	0.00064	16.8	2195867	2196208	NZ_CP026538.1	1918	0.43859649122807015	0.23853211009174313	-1
CasR_1_CAS-I-II-III-IV-V-VI	NZ_CP026538.1_2125	154	218	0.00028	18.0	2424316	2424777	NZ_CP026538.1	2125	0.43506493506493504	0.2889908256880734	-1
CasR_1_CAS-I-II-III-IV-V-VI	NZ_CP026538.1_2265	227	218	0.0018	15.3	2569333	2570013	NZ_CP026538.1	2265	0.17180616740088106	0.18807339449541285	-1
CasR_1_CAS-I-II-III-IV-V-VI	NZ_CP026538.1_229	385	218	0.047	10.7	268631	269785	NZ_CP026538.1	229	0.07272727272727272	0.12844036697247707	-1
CasR_1_CAS-I-II-III-IV-V-VI	NZ_CP026538.1_2382	217	218	0.016	12.3	2697436	2698086	NZ_CP026538.1	2382	0.17972350230414746	0.1834862385321101	1
CasR_1_CAS-I-II-III-IV-V-VI	NZ_CP026538.1_256	158	218	0.0084	13.2	294412	294885	NZ_CP026538.1	256	0.310126582278481	0.22477064220183487	-1
CasR_1_CAS-I-II-III-IV-V-VI	NZ_CP026538.1_2613	150	218	0.0031	14.6	2974006	2974455	NZ_CP026538.1	2613	0.44	0.29357798165137616	1
CasR_1_CAS-I-II-III-IV-V-VI	NZ_CP026538.1_2636	138	218	0.00061	16.9	3001044	3001457	NZ_CP026538.1	2636	0.41304347826086957	0.26146788990825687	-1
CasR_1_CAS-I-II-III-IV-V-VI	NZ_CP026538.1_2675	146	218	0.00023	18.3	3050227	3050664	NZ_CP026538.1	2675	0.2602739726027397	0.17889908256880735	-1
CasR_1_CAS-I-II-III-IV-V-VI	NZ_CP026538.1_3265	155	218	5.6e-06	23.6	3727203	3727667	NZ_CP026538.1	3265	0.45806451612903226	0.3073394495412844	1
CasR_1_CAS-I-II-III-IV-V-VI	NZ_CP026538.1_3797	136	218	0.0019	15.3	4326901	4327308	NZ_CP026538.1	3797	0.40441176470588236	0.25229357798165136	-1
CasR_1_CAS-I-II-III-IV-V-VI	NZ_CP026538.1_425	99	218	0.0036	14.4	488020	488316	NZ_CP026538.1	425	0.32323232323232326	0.14678899082568808	1
CasR_1_CAS-I-II-III-IV-V-VI	NZ_CP026538.1_653	149	218	0.0069	13.5	734693	735139	NZ_CP026538.1	653	0.2483221476510067	0.16972477064220184	1
Cmr5_0_IIIC	NZ_CP026538.1_3776	336	129	0.0046	15.2	4304203	4305210	NZ_CP026538.1	3776	0.13095238095238096	0.3023255813953488	1
Cmr5gr11_0_CAS-III-C	NZ_CP026538.1_3776	336	127	0.0054	15.0	4304203	4305210	NZ_CP026538.1	3776	0.13095238095238096	0.3464566929133858	1
Cmr5gr11_5_CAS-III-B	NZ_CP026538.1_375	756	156	0.045	11.8	439757	442024	NZ_CP026538.1	375	0.06878306878306878	0.3333333333333333	-1
Cmr5gr11_6_CAS-III-B	NZ_CP026538.1_455	205	145	0.023	12.5	518043	518657	NZ_CP026538.1	455	0.2682926829268293	0.3724137931034483	1
CorA_0_CAS-III-B-III-D	NZ_CP026538.1_1946	312	551	0.0032	14.1	2233161	2234096	NZ_CP026538.1	1946	0.3141025641025641	0.1306715063520871	1
CorA_0_CAS-III-B-III-D	NZ_CP026538.1_609	367	551	1.6e-05	21.7	675591	676691	NZ_CP026538.1	609	0.2016348773841962	0.1397459165154265	1
Csa3_1_CAS-I-II-III-IV-V-VI	NZ_CP026538.1_1580	232	118	0.0054	15.0	1804304	1804999	NZ_CP026538.1	1580	0.375	0.5508474576271186	-1
Csa3_1_CAS-I-II-III-IV-V-VI	NZ_CP026538.1_1832	124	118	9.7e-19	65.7	2091466	2091837	NZ_CP026538.1	1832	0.5887096774193549	0.6779661016949152	1
Csa3_1_CAS-I-II-III-IV-V-VI	NZ_CP026538.1_1918	114	118	3.1e-18	64.1	2195867	2196208	NZ_CP026538.1	1918	0.6140350877192983	0.652542372881356	-1
Csa3_1_CAS-I-II-III-IV-V-VI	NZ_CP026538.1_2125	154	118	0.00023	19.4	2424316	2424777	NZ_CP026538.1	2125	0.577922077922078	0.7372881355932204	-1
Csa3_1_CAS-I-II-III-IV-V-VI	NZ_CP026538.1_2382	217	118	0.00055	18.2	2697436	2698086	NZ_CP026538.1	2382	0.2626728110599078	0.4152542372881356	1
Csa3_1_CAS-I-II-III-IV-V-VI	NZ_CP026538.1_239	115	118	0.0034	15.7	278508	278852	NZ_CP026538.1	239	0.6782608695652174	0.5084745762711864	1
Csa3_1_CAS-I-II-III-IV-V-VI	NZ_CP026538.1_2573	161	118	0.0002	19.6	2915820	2916302	NZ_CP026538.1	2573	0.515527950310559	0.7288135593220338	1
Csa3_1_CAS-I-II-III-IV-V-VI	NZ_CP026538.1_2613	150	118	7.1e-05	21.1	2974006	2974455	NZ_CP026538.1	2613	0.8133333333333334	0.711864406779661	1
Csa3_1_CAS-I-II-III-IV-V-VI	NZ_CP026538.1_282	311	118	4.3e-16	57.2	330548	331480	NZ_CP026538.1	282	0.22186495176848875	0.5932203389830508	-1
Csa3_1_CAS-I-II-III-IV-V-VI	NZ_CP026538.1_2959	297	118	0.036	12.3	3381283	3382173	NZ_CP026538.1	2959	0.08417508417508418	0.211864406779661	-1
Csa3_1_CAS-I-II-III-IV-V-VI	NZ_CP026538.1_3265	155	118	0.0017	16.6	3727203	3727667	NZ_CP026538.1	3265	0.3419354838709677	0.4745762711864407	1
Csa3_1_CAS-I-II-III-IV-V-VI	NZ_CP026538.1_3364	212	118	0.016	13.5	3836094	3836729	NZ_CP026538.1	3364	0.6367924528301887	0.7203389830508474	1
Csa3_1_CAS-I-II-III-IV-V-VI	NZ_CP026538.1_3797	136	118	3.2e-13	48.0	4326901	4327308	NZ_CP026538.1	3797	0.5441176470588235	0.6271186440677966	-1
Csa3_1_CAS-I-II-III-IV-V-VI	NZ_CP026538.1_3862	334	118	0.0065	14.7	4401610	4402611	NZ_CP026538.1	3862	0.5329341317365269	0.6949152542372882	1
Csa3_1_CAS-I-II-III-IV-V-VI	NZ_CP026538.1_670	251	118	0.013	13.8	753792	754544	NZ_CP026538.1	670	0.26693227091633465	0.4406779661016949	-1
Csa5gr11_4_CAS-I-A	NZ_CP026541.1_4	103	136	0.03	12.2	1198	1506	NZ_CP026541.1	4	0.5145631067961165	0.3897058823529412	1
CsaX_0_IA	NZ_CP026538.1_1941	769	281	0.052	10.6	2226793	2229099	NZ_CP026538.1	1941	0.053315994798439535	0.14590747330960854	1
Csb3_0_IU	NZ_CP026538.1_3221	222	282	0.011	13.2	3671193	3671858	NZ_CP026538.1	3221	0.18468468468468469	0.1453900709219858	1
Cse1_0_IE	NZ_CP026538.1_1172	551	504	9.2e-77	256.9	1335790	1337442	NZ_CP026538.1	1172	0.9455535390199638	0.9722222222222222	-1
Cse2_0_IE	NZ_CP026538.1_1171	175	159	4.3e-16	57.5	1335269	1335793	NZ_CP026538.1	1171	0.84	0.9937106918238994	-1
Cse2gr11_0_CAS-I-E	NZ_CP026538.1_1171	175	160	2.3e-15	55.1	1335269	1335793	NZ_CP026538.1	1171	0.84	0.9875	-1
Cse2gr11_1_CAS-I-E	NZ_CP026538.1_1171	175	143	1.4e-21	75.1	1335269	1335793	NZ_CP026538.1	1171	0.7714285714285715	0.993006993006993	-1
Cse2gr11_7_CAS-I-E	NZ_CP026538.1_1171	175	144	3e-16	58.0	1335269	1335793	NZ_CP026538.1	1171	0.76	1.0	-1
Csf1_0_IV	NZ_CP026538.1_2676	68	227	0.094	10.1	3050767	3050970	NZ_CP026538.1	2676	0.23529411764705882	0.06607929515418502	-1
Csf4_0_IVA	NZ_CP026538.1_248	567	666	3.4e-05	20.5	286463	288163	NZ_CP026538.1	248	0.13403880070546736	0.1111111111111111	-1
Csf4_0_IVA	NZ_CP026538.1_3946	988	666	0.044	10.2	4490668	4493631	NZ_CP026538.1	3946	0.09109311740890688	0.13213213213213212	1
Csf4_1_IVA1	NZ_CP026538.1_278	333	802	0.01	11.9	325986	326984	NZ_CP026538.1	278	0.3213213213213213	0.13216957605985039	-1
Csf4_1_IVA1	NZ_CP026538.1_3408	382	802	0.0086	12.1	3891268	3892413	NZ_CP026538.1	3408	0.0968586387434555	0.046134663341645885	1
Csf4_2_IVA1	NZ_CP026538.1_44	485	526	0.031	10.8	49895	51349	NZ_CP026538.1	44	0.13195876288659794	0.12167300380228137	-1
Csm2_1_IIIA	NZ_CP026538.1_1500	837	139	0.025	12.7	1709744	1712254	NZ_CP026538.1	1500	0.0931899641577061	0.3669064748201439	1
Csm3gr7_5_CAS-III-A-III-D	NZ_CP026538.1_47	157	620	0.0069	12.7	54723	55193	NZ_CP026538.1	47	0.37579617834394907	0.0967741935483871	-1
Csm6_2_CAS-III	NZ_CP026538.1_524	346	184	0.023	11.9	598689	599726	NZ_CP026538.1	524	0.21676300578034682	0.41304347826086957	-1
Csm6_6_CAS-III	NZ_CP026538.1_3720	148	136	0.017	13.0	4224493	4224936	NZ_CP026538.1	3720	0.46621621621621623	0.375	-1
Csn2_7_CAS-II-A	NZ_CP026538.1_2259	254	372	0.033	11.0	2564567	2565328	NZ_CP026538.1	2259	0.16535433070866143	0.11290322580645161	-1
Csn2_7_CAS-II-A	NZ_CP026538.1_3192	571	372	0.0041	14.0	3637381	3639093	NZ_CP026538.1	3192	0.15236427320490367	0.23655913978494625	-1
Csn2_7_CAS-II-A	NZ_CP026538.1_3840	243	372	0.0037	14.2	4380857	4381585	NZ_CP026538.1	3840	0.35802469135802467	0.23655913978494625	-1
Csx16_1_CAS-I-III	NZ_CP026538.1_3156	304	76	0.021	12.9	3587124	3588035	NZ_CP026538.1	3156	0.10197368421052631	0.40789473684210525	1
Csx19_4_CAS-III-D	NZ_CP026538.1_3291	513	171	7.5	3.9	3754925	3756463	NZ_CP026538.1	3291	0.24171539961013644	0.2573099415204678	1
Csx1_11_CAS-III	NZ_CP026538.1_238	71	206	0.015	12.7	278210	278422	NZ_CP026538.1	238	0.6619718309859155	0.22330097087378642	-1
Csx1_7_CAS-III	NZ_CP026538.1_1231	533	309	0.022	12.2	1411150	1412748	NZ_CP026538.1	1231	0.15572232645403378	0.22330097087378642	1
Csx3_2_CAS-I-III	NZ_CP026538.1_1	447	277	0.034	11.1	126	1466	NZ_CP026538.1	1	0.07158836689038031	0.11552346570397112	1
Csx3_2_CAS-I-III	NZ_CP026538.1_1297	445	277	0.00017	18.7	1481876	1483210	NZ_CP026538.1	1297	0.16404494382022472	0.16967509025270758	1
Csx3_2_CAS-I-III	NZ_CP026538.1_1335	247	277	0.029	11.4	1529371	1530111	NZ_CP026538.1	1335	0.1214574898785425	0.10830324909747292	-1
Csx3_2_CAS-I-III	NZ_CP026538.1_1400	416	277	0.014	12.4	1612494	1613741	NZ_CP026538.1	1400	0.07451923076923077	0.11913357400722022	-1
Csx3_2_CAS-I-III	NZ_CP026538.1_1717	672	277	0.00012	19.2	1978499	1980514	NZ_CP026538.1	1717	0.08928571428571429	0.1299638989169675	1
Csx3_2_CAS-I-III	NZ_CP026538.1_2588	418	277	0.017	12.1	2942662	2943915	NZ_CP026538.1	2588	0.11961722488038277	0.18050541516245489	-1
Csx3_2_CAS-I-III	NZ_CP026538.1_3569	370	277	0.018	12.1	4069550	4070659	NZ_CP026538.1	3569	0.08648648648648649	0.11913357400722022	-1
Csx3_2_CAS-I-III	NZ_CP026538.1_3722	608	277	0.043	10.8	4225718	4227541	NZ_CP026538.1	3722	0.06578947368421052	0.07942238267148015	-1
Csx3_2_CAS-I-III	NZ_CP026538.1_3840	243	277	0.022	11.8	4380857	4381585	NZ_CP026538.1	3840	0.0823045267489712	0.07220216606498195	-1
Csx3_2_CAS-I-III	NZ_CP026538.1_430	335	277	0.012	12.6	492187	493191	NZ_CP026538.1	430	0.10149253731343283	0.12274368231046931	1
Csx3_2_CAS-I-III	NZ_CP026538.1_636	512	277	0.0013	15.8	711998	713533	NZ_CP026538.1	636	0.095703125	0.1588447653429603	1
Csx3_2_CAS-I-III	NZ_CP026538.1_931	509	277	0.0058	13.6	1056193	1057719	NZ_CP026538.1	931	0.12966601178781925	0.23826714801444043	1
CysH_0_IVB	NZ_CP026538.1_1367	309	249	0.0044	14.6	1563830	1564756	NZ_CP026538.1	1367	0.11650485436893204	0.14457831325301204	-1
CysH_0_IVB	NZ_CP026538.1_1572	357	249	0.04	11.5	1794985	1796055	NZ_CP026538.1	1572	0.08403361344537816	0.12048192771084337	-1
CysH_0_IVB	NZ_CP026538.1_2156	517	249	0.0031	15.1	2457587	2459137	NZ_CP026538.1	2156	0.11218568665377177	0.23694779116465864	-1
CysH_0_IVB	NZ_CP026538.1_2300	267	249	0.033	11.7	2608451	2609251	NZ_CP026538.1	2300	0.21348314606741572	0.21285140562248997	1
CysH_0_IVB	NZ_CP026538.1_3959	271	249	0.00041	18.0	4506341	4507153	NZ_CP026538.1	3959	0.7195571955719557	0.6626506024096386	1
DEDDh_0_CAS-I-II-III-IV-V-VI	NZ_CP026538.1_1825	243	160	1.5000000000000002e-38	130.3	2086040	2086768	NZ_CP026538.1	1825	0.6954732510288066	0.99375	1
HEAT_CxxC_PDDEXK_0_CAS-I-C	NZ_CP026538.1_1038	641	288	0.00023	18.3	1184688	1186610	NZ_CP026538.1	1038	0.42277691107644305	0.2951388888888889	1
HEAT_CxxC_PDDEXK_0_CAS-I-C	NZ_CP026538.1_2789	604	288	0.019	12.0	3172832	3174643	NZ_CP026538.1	2789	0.15562913907284767	0.2534722222222222	1
Mem_DnaJ_0_CAS-III-AM	NZ_CP026538.1_3584	272	284	0.0066	13.7	4084874	4085689	NZ_CP026538.1	3584	0.11029411764705882	0.1056338028169014	-1
NYN_0_CAS-III-B	NZ_CP026538.1_856	200	320	9.1e-05	19.6	968922	969521	NZ_CP026538.1	856	0.385	0.240625	-1
PD_DExK_0_CAS-I-B	NZ_CP026538.1_611	485	231	0.0049	14.2	678090	679544	NZ_CP026538.1	611	0.09278350515463918	0.19047619047619047	-1
PD_DExK_0_CAS-I-II-III-IV-V-VI	NZ_CP026538.1_3776	336	159	0.022	12.6	4304203	4305210	NZ_CP026538.1	3776	0.22916666666666666	0.4968553459119497	1
RT_0_CAS-I-E	NZ_CP026538.1_2129	409	414	1.3e-05	22.1	2430627	2431853	NZ_CP026538.1	2129	0.46943765281173594	0.4468599033816425	-1
RT_0_CAS-I-E	NZ_CP026538.1_2520	409	414	1.3e-05	22.1	2853170	2854396	NZ_CP026538.1	2520	0.46943765281173594	0.4468599033816425	-1
RT_0_CAS-I-E	NZ_CP026538.1_320	409	414	1.3e-05	22.1	377460	378686	NZ_CP026538.1	320	0.46943765281173594	0.4468599033816425	1
RT_0_CAS-I-E	NZ_CP026538.1_321	409	414	1.3e-05	22.1	379318	380544	NZ_CP026538.1	321	0.46943765281173594	0.4468599033816425	1
RT_0_CAS-I-II-III-IV-V-VI	NZ_CP026538.1_2129	409	213	1.9999999999999998e-42	143.1	2430627	2431853	NZ_CP026538.1	2129	0.5061124694376528	0.9953051643192489	-1
RT_0_CAS-I-II-III-IV-V-VI	NZ_CP026538.1_2520	409	213	1.9999999999999998e-42	143.1	2853170	2854396	NZ_CP026538.1	2520	0.5061124694376528	0.9953051643192489	-1
RT_0_CAS-I-II-III-IV-V-VI	NZ_CP026538.1_320	409	213	1.9999999999999998e-42	143.1	377460	378686	NZ_CP026538.1	320	0.5061124694376528	0.9953051643192489	1
RT_0_CAS-I-II-III-IV-V-VI	NZ_CP026538.1_321	409	213	1.9999999999999998e-42	143.1	379318	380544	NZ_CP026538.1	321	0.5061124694376528	0.9953051643192489	1
RT_0_CAS-III-AM-III-B	NZ_CP026538.1_2129	409	298	7.6e-85	282.3	2430627	2431853	NZ_CP026538.1	2129	0.6723716381418093	0.9228187919463087	-1
RT_0_CAS-III-AM-III-B	NZ_CP026538.1_2520	409	298	7.6e-85	282.3	2853170	2854396	NZ_CP026538.1	2520	0.6723716381418093	0.9228187919463087	-1
RT_0_CAS-III-AM-III-B	NZ_CP026538.1_320	409	298	7.6e-85	282.3	377460	378686	NZ_CP026538.1	320	0.6723716381418093	0.9228187919463087	1
RT_0_CAS-III-AM-III-B	NZ_CP026538.1_321	409	298	7.6e-85	282.3	379318	380544	NZ_CP026538.1	321	0.6723716381418093	0.9228187919463087	1
RecD_0_IVD	NZ_CP026538.1_1711	624	763	2.7e-39	132.8	1966082	1967953	NZ_CP026538.1	1711	0.5160256410256411	0.40104849279161203	-1
RecD_0_IVD	NZ_CP026538.1_1720	408	763	0.0087	12.1	1981527	1982750	NZ_CP026538.1	1720	0.19607843137254902	0.10222804718217562	1
RecD_0_IVD	NZ_CP026538.1_19	276	763	0.09	8.7	20146	20973	NZ_CP026538.1	19	0.09782608695652174	0.035386631716906945	1
RecD_0_IVD	NZ_CP026538.1_1921	850	763	0.0021	14.1	2198902	2201451	NZ_CP026538.1	1921	0.09058823529411765	0.0982961992136304	1
RecD_0_IVD	NZ_CP026538.1_2333	725	763	5.5e-83	277.3	2638342	2640516	NZ_CP026538.1	2333	0.8124137931034483	0.7981651376146789	-1
RecD_0_IVD	NZ_CP026538.1_2336	657	763	0.014	11.4	2641546	2643516	NZ_CP026538.1	2336	0.1582952815829528	0.1349934469200524	-1
RecD_0_IVD	NZ_CP026538.1_3192	571	763	0.043	9.8	3637381	3639093	NZ_CP026538.1	3192	0.04903677758318739	0.03669724770642202	-1
RecD_0_IVD	NZ_CP026538.1_3368	739	763	8.8e-05	18.6	3843682	3845898	NZ_CP026538.1	3368	0.19350473612990526	0.16775884665792923	1
RecD_0_IVD	NZ_CP026538.1_430	335	763	0.037	10.0	492187	493191	NZ_CP026538.1	430	0.07462686567164178	0.0327653997378768	1
RecD_0_IVD	NZ_CP026538.1_459	1202	763	0.015	11.2	521991	525596	NZ_CP026538.1	459	0.08735440931780367	0.1218872870249017	-1
RecD_0_IVD	NZ_CP026538.1_485	726	763	2.6e-76	255.2	550310	552487	NZ_CP026538.1	485	0.7603305785123967	0.7509829619921363	1
TPR_0_CAS-III-A	NZ_CP026543.1_1	125	435	0.0095	12.8	156	530	NZ_CP026543.1	1	0.48	0.13793103448275862	1
TPR_0_CAS-III-B	NZ_CP026538.1_1131	844	488	2.6e-16	57.3	1289348	1291879	NZ_CP026538.1	1131	0.7713270142180095	0.5450819672131147	-1
TPR_0_CAS-III-B	NZ_CP026538.1_1334	208	488	3.2e-08	30.6	1528620	1529243	NZ_CP026538.1	1334	0.6442307692307693	0.23770491803278687	1
TPR_0_CAS-III-B	NZ_CP026538.1_2355	448	488	1.2e-05	22.1	2665473	2666816	NZ_CP026538.1	2355	0.41964285714285715	0.26434426229508196	1
TPR_0_CAS-III-B	NZ_CP026538.1_2703	359	488	0.007	13.0	3082737	3083813	NZ_CP026538.1	2703	0.3286908077994429	0.21721311475409835	1
TPR_0_CAS-III-B	NZ_CP026538.1_3857	191	488	0.02	11.5	4397801	4398373	NZ_CP026538.1	3857	0.34554973821989526	0.14754098360655737	-1
TPR_1_CAS-III-A	NZ_CP026538.1_2027	568	462	0.0012	15.5	2328443	2330146	NZ_CP026538.1	2027	0.42077464788732394	0.44155844155844154	-1
TPR_1_CAS-III-A	NZ_CP026538.1_2355	448	462	0.001	15.7	2665473	2666816	NZ_CP026538.1	2355	0.31473214285714285	0.23809523809523808	1
TPR_1_CAS-III-A	NZ_CP026538.1_842	800	462	1.5e-05	21.8	956423	958822	NZ_CP026538.1	842	0.2425	0.4090909090909091	1
TPR_1_CAS-III-B	NZ_CP026538.1_1010	476	537	0.93	6.0	1153369	1154796	NZ_CP026538.1	1010	0.1953781512605042	0.16387337057728119	1
TPR_1_CAS-III-B	NZ_CP026538.1_1098	297	537	0.0017	15.0	1256959	1257849	NZ_CP026538.1	1098	0.3602693602693603	0.2085661080074488	-1
TPR_1_CAS-III-B	NZ_CP026538.1_1334	208	537	0.00022	18.0	1528620	1529243	NZ_CP026538.1	1334	0.6346153846153846	0.2346368715083799	1
TPR_1_CAS-III-B	NZ_CP026538.1_1962	360	537	0.0077	12.9	2252807	2253886	NZ_CP026538.1	1962	0.5111111111111111	0.4022346368715084	-1
TPR_1_CAS-III-B	NZ_CP026538.1_2339	295	537	0.003	14.3	2646500	2647384	NZ_CP026538.1	2339	0.33559322033898303	0.19180633147113593	-1
TPR_1_CAS-III-B	NZ_CP026538.1_2355	448	537	0.00014	18.6	2665473	2666816	NZ_CP026538.1	2355	0.30357142857142855	0.2011173184357542	1
TPR_1_CAS-III-B	NZ_CP026538.1_2703	359	537	0.008	12.8	3082737	3083813	NZ_CP026538.1	2703	0.16991643454038996	0.11731843575418995	1
TPR_1_CAS-III-B	NZ_CP026538.1_576	210	537	0.016	11.8	641097	641726	NZ_CP026538.1	576	0.4238095238095238	0.12476722532588454	-1
TniQ_0_CAS-I-F	NZ_CP026538.1_2597	176	139	0.015	14.1	2954244	2954771	NZ_CP026538.1	2597	0.20454545454545456	0.2589928057553957	1
TnsB_0_V-K	NZ_CP026538.1_1469	701	621	0.00045	16.4	1677480	1679582	NZ_CP026538.1	1469	0.2867332382310984	0.2785829307568438	-1
TnsC_0_V-K	NZ_CP026538.1_1123	241	283	7.1e-07	26.5	1285185	1285907	NZ_CP026538.1	1123	0.5601659751037344	0.4558303886925795	1
TnsC_0_V-K	NZ_CP026538.1_1468	248	283	3.6e-07	27.5	1676737	1677480	NZ_CP026538.1	1468	0.6653225806451613	0.5724381625441696	-1
TnsC_0_V-K	NZ_CP026538.1_2783	253	283	0.00026	18.1	3166237	3166995	NZ_CP026538.1	2783	0.3557312252964427	0.30742049469964666	-1
Unk_04_0_CAS-I-E	NZ_CP026538.1_1942	254	63	0.031	12.3	2229240	2230001	NZ_CP026538.1	1942	0.14960629921259844	0.6190476190476191	1
WYL_0_CAS-I-II-III-IV-V-VI	NZ_CP026538.1_1710	327	313	2.1e-12	45.1	1965078	1966058	NZ_CP026538.1	1710	0.9418960244648318	0.9456869009584664	1
WYL_0_CAS-I-II-III-IV-V-VI	NZ_CP026538.1_426	368	313	0.0015	16.0	488654	489757	NZ_CP026538.1	426	0.32065217391304346	0.3801916932907348	1
WYL_3_CAS-I-II-III-IV-V-VI	NZ_CP026538.1_1710	327	172	1e-27	95.2	1965078	1966058	NZ_CP026538.1	1710	0.5259938837920489	0.9709302325581395	1
WYL_3_CAS-I-II-III-IV-V-VI	NZ_CP026538.1_698	458	172	0.0048	14.9	779562	780935	NZ_CP026538.1	698	0.27074235807860264	0.5813953488372093	-1
htpX_0_CAS-III-B	NZ_CP026538.1_1222	322	343	8.4e-12	42.8	1405581	1406546	NZ_CP026538.1	1222	0.40372670807453415	0.358600583090379	1
htpX_0_CAS-III-B	NZ_CP026538.1_1399	489	343	0.0032	14.5	1610874	1612340	NZ_CP026538.1	1399	0.08588957055214724	0.13119533527696792	-1
htpX_0_CAS-III-B	NZ_CP026538.1_1848	258	343	0.0086	13.1	2106667	2107440	NZ_CP026538.1	1848	0.35658914728682173	0.2536443148688047	-1
htpX_0_CAS-III-B	NZ_CP026538.1_3166	289	343	4e-15	53.7	3603978	3604844	NZ_CP026538.1	3166	0.7335640138408305	0.6793002915451894	1
htpX_0_CAS-III-B	NZ_CP026538.1_3248	416	343	0.1	9.6	3706936	3708183	NZ_CP026538.1	3248	0.3245192307692308	0.3819241982507289	-1
htpX_0_CAS-III-B	NZ_CP026538.1_3425	286	343	7.3e-19	66.0	3910770	3911627	NZ_CP026538.1	3425	0.7412587412587412	0.685131195335277	-1
