Hmm	ORF	tlen	qlen	Eval	score	start	end	Acc	Pos	Cov_seq	Cov_hmm	strand
2OG_0_CAS-I-II-III-IV-V-VI	NZ_KB908454.1_60	227	205	0.00034	17.2	68853	69533	NZ_KB908454.1	60	0.3656387665198238	0.4146341463414634	1
2OG_1_CAS-I-II-III-IV-V-VI	NZ_KB908454.1_60	227	94	6.8e-16	56.3	68853	69533	NZ_KB908454.1	60	0.40969162995594716	0.9680851063829787	1
2OG_1_CAS-I-II-III-IV-V-VI	NZ_KB908455.1_202	213	94	2.1e-22	77.1	215406	216044	NZ_KB908455.1	202	0.431924882629108	0.9893617021276596	1
AbiEii_0_CAS-III	NZ_KB908454.1_131	445	284	0.014	12.4	142423	143757	NZ_KB908454.1	131	0.14157303370786517	0.22535211267605634	1
AbiEii_0_CAS-III	NZ_KB908454.1_243	339	284	0.0018	15.3	269394	270410	NZ_KB908454.1	243	0.17404129793510326	0.20422535211267606	-1
AbiEii_0_CAS-III	NZ_KB908454.1_267	258	284	8.4e-06	23.0	305089	305862	NZ_KB908454.1	267	0.2751937984496124	0.24647887323943662	1
AbiEii_0_CAS-III	NZ_KB908454.1_287	373	284	7.6e-07	26.4	324117	325235	NZ_KB908454.1	287	0.3163538873994638	0.39436619718309857	-1
AbiEii_0_CAS-III	NZ_KB908454.1_32	251	284	5.7e-07	26.8	30245	30997	NZ_KB908454.1	32	0.3426294820717131	0.3028169014084507	-1
AbiEii_0_CAS-III	NZ_KB908454.1_379	556	284	9.4e-08	29.4	413008	414675	NZ_KB908454.1	379	0.20323741007194246	0.33098591549295775	-1
AbiEii_0_CAS-III	NZ_KB908454.1_382	256	284	3e-06	24.5	417027	417794	NZ_KB908454.1	382	0.15625	0.13028169014084506	-1
AbiEii_0_CAS-III	NZ_KB908454.1_414	256	284	0.00012	19.3	452535	453302	NZ_KB908454.1	414	0.50390625	0.46830985915492956	1
AbiEii_0_CAS-III	NZ_KB908454.1_500	211	284	0.00071	16.7	541939	542571	NZ_KB908454.1	500	0.17061611374407584	0.13028169014084506	1
AbiEii_0_CAS-III	NZ_KB908454.1_68	355	284	0.0064	13.5	76845	77909	NZ_KB908454.1	68	0.29859154929577464	0.35563380281690143	1
AbiEii_0_CAS-III	NZ_KB908455.1_16	370	284	0.00078	16.5	13884	14993	NZ_KB908455.1	16	0.23513513513513515	0.323943661971831	1
AbiEii_0_CAS-III	NZ_KB908455.1_199	531	284	1e-06	26.0	211873	213465	NZ_KB908455.1	199	0.2749529190207156	0.397887323943662	-1
AbiEii_0_CAS-III	NZ_KB908455.1_38	641	284	0.009	13.1	35624	37546	NZ_KB908455.1	38	0.0499219968798752	0.1056338028169014	1
AbiEii_0_CAS-III	NZ_KB908456.1_136	427	284	0.00093	16.3	148417	149697	NZ_KB908456.1	136	0.08899297423887588	0.12323943661971831	-1
AbiEii_0_CAS-III	NZ_KB908456.1_139	327	284	0.018	12.1	152026	153006	NZ_KB908456.1	139	0.39143730886850153	0.4225352112676056	-1
AbiEii_0_CAS-III	NZ_KB908456.1_174	248	284	8.1e-05	19.8	189919	190662	NZ_KB908456.1	174	0.16129032258064516	0.14084507042253522	-1
AbiEii_0_CAS-III	NZ_KB908456.1_201	215	284	0.00065	16.8	225151	225795	NZ_KB908456.1	201	0.5488372093023256	0.3873239436619718	1
AbiEii_0_CAS-III	NZ_KB908456.1_239	267	284	0.00039	17.5	260290	261090	NZ_KB908456.1	239	0.34831460674157305	0.3204225352112676	1
AbiEii_0_CAS-III	NZ_KB908456.1_34	541	284	0.00044	17.4	46410	48032	NZ_KB908456.1	34	0.1589648798521257	0.3028169014084507	-1
AbiEii_0_CAS-III	NZ_KB908457.1_65	271	284	1.8e-05	22.0	71471	72283	NZ_KB908457.1	65	0.4132841328413284	0.38380281690140844	-1
AbiEii_0_CAS-III	NZ_KB908458.1_104	236	284	0.019	12.0	118009	118716	NZ_KB908458.1	104	0.3855932203389831	0.33098591549295775	1
AbiEii_0_CAS-III	NZ_KB908458.1_144	352	284	6.9e-05	20.0	164126	165181	NZ_KB908458.1	144	0.4147727272727273	0.5316901408450704	1
AbiEii_0_CAS-III	NZ_KB908458.1_209	364	284	0.0012	15.9	227189	228280	NZ_KB908458.1	209	0.16483516483516483	0.2112676056338028	1
AbiEii_0_CAS-III	NZ_KB908458.1_3	327	284	2.9e-06	24.5	1717	2697	NZ_KB908458.1	3	0.43119266055045874	0.4823943661971831	-1
AbiEii_0_CAS-III	NZ_KB908458.1_40	307	284	3.6e-09	34.0	46340	47260	NZ_KB908458.1	40	0.31921824104234525	0.3274647887323944	-1
AbiEii_0_CAS-III	NZ_KB908458.1_7	348	284	7.6e-05	19.9	7014	8057	NZ_KB908458.1	7	0.33045977011494254	0.38028169014084506	1
AbiEii_0_CAS-III	NZ_KB908459.1_150	255	284	3.3e-06	24.3	154700	155464	NZ_KB908459.1	150	0.38823529411764707	0.3415492957746479	1
AbiEii_0_CAS-III	NZ_KB908459.1_151	235	284	0.0032	14.5	155464	156168	NZ_KB908459.1	151	0.26382978723404255	0.20422535211267606	1
AbiEii_0_CAS-III	NZ_KB908461.1_97	242	284	0.00025	18.2	90591	91316	NZ_KB908461.1	97	0.5702479338842975	0.545774647887324	1
AbiEii_0_CAS-III	NZ_KB908462.1_93	1133	284	0.0022	15.1	97735	101133	NZ_KB908462.1	93	0.10679611650485436	0.30633802816901406	-1
AbiEii_0_CAS-III	NZ_KB908463.1_18	224	284	0.016	12.3	18380	19051	NZ_KB908463.1	18	0.4732142857142857	0.30633802816901406	1
AbiEii_0_CAS-III	NZ_KB908463.1_38	246	284	0.001	16.1	40659	41396	NZ_KB908463.1	38	0.1951219512195122	0.16901408450704225	1
AbiEii_0_CAS-III	NZ_KB908463.1_63	633	284	4.6e-09	33.7	62731	64629	NZ_KB908463.1	63	0.41706161137440756	0.5880281690140845	-1
AbiEii_0_CAS-III	NZ_KB908464.1_18	596	284	0.0027	14.8	22415	24202	NZ_KB908464.1	18	0.26174496644295303	0.6302816901408451	1
AbiEii_0_CAS-III	NZ_KB908464.1_45	873	284	0.0091	13.0	47781	50399	NZ_KB908464.1	45	0.030927835051546393	0.09507042253521127	-1
AbiEii_0_CAS-III	NZ_KB908464.1_7	634	284	2.9e-11	41.0	4580	6481	NZ_KB908464.1	7	0.21293375394321767	0.38380281690140844	-1
AbiEii_0_CAS-III	NZ_KB908464.1_71	233	284	5.6e-05	20.3	76380	77078	NZ_KB908464.1	71	0.3605150214592275	0.2887323943661972	1
AbiEii_0_CAS-III	NZ_KB908464.1_80	269	284	0.00064	16.8	86800	87606	NZ_KB908464.1	80	0.24907063197026022	0.23591549295774647	-1
AbiEii_0_CAS-III	NZ_KB908464.1_97	224	284	0.0041	14.2	108361	109032	NZ_KB908464.1	97	0.29910714285714285	0.2323943661971831	-1
AbiEii_0_CAS-III	NZ_KB908465.1_75	227	284	0.0074	13.3	73195	73875	NZ_KB908465.1	75	0.3524229074889868	0.28169014084507044	1
AbiEii_0_CAS-III	NZ_KB908465.1_80	584	284	0.016	12.2	78440	80191	NZ_KB908465.1	80	0.13184931506849315	0.2640845070422535	1
AbiEii_0_CAS-III	NZ_KB908466.1_52	354	284	3.6e-05	20.9	60403	61464	NZ_KB908466.1	52	0.23728813559322035	0.3028169014084507	1
AbiEii_0_CAS-III	NZ_KB908466.1_6	444	284	0.0013	15.8	5901	7232	NZ_KB908466.1	6	0.0945945945945946	0.13028169014084506	1
AbiEii_0_CAS-III	NZ_KB908466.1_68	283	284	0.0081	13.2	73877	74725	NZ_KB908466.1	68	0.2968197879858657	0.2605633802816901	-1
AbiEii_0_CAS-III	NZ_KB908466.1_80	501	284	0.0076	13.3	83579	85081	NZ_KB908466.1	80	0.13572854291417166	0.22887323943661972	-1
AbiEii_0_CAS-III	NZ_KB908467.1_16	369	284	8.9e-06	22.9	18295	19401	NZ_KB908467.1	16	0.23848238482384823	0.323943661971831	-1
AbiEii_0_CAS-III	NZ_KB908467.1_22	247	284	5.6e-06	23.6	24293	25033	NZ_KB908467.1	22	0.4291497975708502	0.352112676056338	1
AbiEii_0_CAS-III	NZ_KB908467.1_32	303	284	0.0075	13.3	35574	36482	NZ_KB908467.1	32	0.24422442244224424	0.25704225352112675	-1
AbiEii_0_CAS-III	NZ_KB908468.1_71	493	284	4.3e-11	40.4	69060	70538	NZ_KB908468.1	71	0.2799188640973631	0.33098591549295775	1
AbiEii_0_CAS-III	NZ_KB908470.1_11	229	284	0.00084	16.4	8983	9669	NZ_KB908470.1	11	0.38427947598253276	0.29577464788732394	1
AbiEii_0_CAS-III	NZ_KB908470.1_35	432	284	2.1e-07	28.2	37363	38658	NZ_KB908470.1	35	0.3287037037037037	0.43309859154929575	1
AbiEii_0_CAS-III	NZ_KB908471.1_2	239	284	0.0018	15.4	1910	2626	NZ_KB908471.1	2	0.3807531380753138	0.323943661971831	-1
AbiEii_0_CAS-III	NZ_KB908475.1_8	336	284	0.024	11.7	5977	6984	NZ_KB908475.1	8	0.06845238095238096	0.08098591549295775	-1
AbiEii_1_CAS-III-A	NZ_KB908454.1_267	258	335	0.014	12.0	305089	305862	NZ_KB908454.1	267	0.16279069767441862	0.12238805970149254	1
AbiEii_1_CAS-III-A	NZ_KB908454.1_287	373	335	0.00094	15.9	324117	325235	NZ_KB908454.1	287	0.3163538873994638	0.3611940298507463	-1
AbiEii_1_CAS-III-A	NZ_KB908454.1_32	251	335	0.0013	15.4	30245	30997	NZ_KB908454.1	32	0.3545816733067729	0.26865671641791045	-1
AbiEii_1_CAS-III-A	NZ_KB908454.1_382	256	335	7e-05	19.6	417027	417794	NZ_KB908454.1	382	0.125	0.0955223880597015	-1
AbiEii_1_CAS-III-A	NZ_KB908456.1_174	248	335	0.02	11.5	189919	190662	NZ_KB908456.1	174	0.18951612903225806	0.14029850746268657	-1
AbiEii_1_CAS-III-A	NZ_KB908457.1_65	271	335	9.5e-08	29.0	71471	72283	NZ_KB908457.1	65	0.3247232472324723	0.26865671641791045	-1
AbiEii_1_CAS-III-A	NZ_KB908458.1_209	364	335	0.029	11.0	227189	228280	NZ_KB908458.1	209	0.24725274725274726	0.26865671641791045	1
AbiEii_1_CAS-III-A	NZ_KB908458.1_40	307	335	0.011	12.3	46340	47260	NZ_KB908458.1	40	0.11726384364820847	0.10746268656716418	-1
AbiEii_1_CAS-III-A	NZ_KB908461.1_122	260	335	0.0082	12.8	119129	119908	NZ_KB908461.1	122	0.3230769230769231	0.25671641791044775	-1
AbiEii_1_CAS-III-A	NZ_KB908462.1_17	561	335	6.0	3.4	14096	15778	NZ_KB908462.1	17	0.42780748663101603	0.3492537313432836	1
AbiEii_1_CAS-III-A	NZ_KB908464.1_7	634	335	0.0022	14.6	4580	6481	NZ_KB908464.1	7	0.19242902208201892	0.30149253731343284	-1
AbiEii_1_CAS-III-A	NZ_KB908467.1_22	247	335	8.7e-05	19.3	24293	25033	NZ_KB908467.1	22	0.3684210526315789	0.2746268656716418	1
AbiEii_2_CAS-III-C	NZ_KB908454.1_287	373	440	1.4e-05	22.0	324117	325235	NZ_KB908454.1	287	0.2359249329758713	0.20454545454545456	-1
AbiEii_2_CAS-III-C	NZ_KB908459.1_151	235	440	0.013	12.2	155464	156168	NZ_KB908459.1	151	0.2680851063829787	0.1431818181818182	1
AbiEii_2_CAS-III-C	NZ_KB908467.1_16	369	440	6e-06	23.2	18295	19401	NZ_KB908467.1	16	0.2032520325203252	0.15681818181818183	-1
AbiEii_2_CAS-III-C	NZ_KB908470.1_35	432	440	0.00063	16.5	37363	38658	NZ_KB908470.1	35	0.2986111111111111	0.2840909090909091	1
Can2_Card1_17_CAS-III	NZ_KB908454.1_432	138	380	0.0095	12.1	470088	470501	NZ_KB908454.1	432	0.7681159420289855	0.27631578947368424	-1
Cas10_0_CAS-III	NZ_KB908454.1_261	353	511	0.028	10.7	297203	298261	NZ_KB908454.1	261	0.11898016997167139	0.08414872798434442	-1
Cas10_0_CAS-III	NZ_KB908456.1_145	361	511	0.00024	17.5	159529	160611	NZ_KB908456.1	145	0.18559556786703602	0.13111545988258316	-1
Cas10_0_CAS-III	NZ_KB908466.1_13	524	511	4.1e-06	23.3	16329	17900	NZ_KB908466.1	13	0.4351145038167939	0.4187866927592955	-1
Cas10_0_III	NZ_KB908454.1_261	353	414	0.0079	12.7	297203	298261	NZ_KB908454.1	261	0.12181303116147309	0.09903381642512077	-1
Cas10_0_IIIB	NZ_KB908466.1_13	524	510	0.033	10.4	16329	17900	NZ_KB908466.1	13	0.13358778625954199	0.14313725490196078	-1
Cas10_1_CAS-III	NZ_KB908465.1_34	1101	654	0.032	10.2	29071	32373	NZ_KB908465.1	34	0.05267938237965486	0.06880733944954129	1
Cas10_1_CAS-III	NZ_KB908469.1_18	290	654	0.037	10.0	21692	22561	NZ_KB908469.1	18	0.2689655172413793	0.1162079510703364	1
Cas10_4_CAS-III	NZ_KB908456.1_145	361	772	0.016	10.7	159529	160611	NZ_KB908456.1	145	0.11080332409972299	0.05181347150259067	-1
Cas10_4_CAS-III	NZ_KB908466.1_13	524	772	0.0075	11.8	16329	17900	NZ_KB908466.1	13	0.12404580152671756	0.08808290155440414	-1
Cas10_5_CAS-III	NZ_KB908456.1_145	361	838	0.013	11.1	159529	160611	NZ_KB908456.1	145	0.10526315789473684	0.0477326968973747	-1
Cas10_7_CAS-III	NZ_KB908454.1_261	353	410	0.00087	15.8	297203	298261	NZ_KB908454.1	261	0.17847025495750707	0.16097560975609757	-1
Cas11b_1_CAS-I-B	NZ_KB908454.1_279	117	162	0.019	12.3	316663	317013	NZ_KB908454.1	279	0.358974358974359	0.2654320987654321	1
Cas12a_0_CAS-V-A	NZ_KB908456.1_246	628	1244	0.038	9.2	268855	270738	NZ_KB908456.1	246	0.38057324840764334	0.19212218649517684	-1
Cas12a_0_CAS-V-A	NZ_KB908461.1_52	556	1244	0.02	10.1	46234	47901	NZ_KB908461.1	52	0.26618705035971224	0.12057877813504823	-1
Cas12a_0_VA	NZ_KB908456.1_246	628	1288	1.2	4.1	268855	270738	NZ_KB908456.1	246	0.37261146496815284	0.18245341614906832	-1
Cas12a_0_VA	NZ_KB908467.1_73	287	1288	0.017	10.2	82138	82998	NZ_KB908467.1	73	0.2682926829268293	0.059006211180124224	1
Cas12a_0_VA	NZ_KB908471.1_55	307	1288	0.016	10.3	57490	58410	NZ_KB908471.1	55	0.3127035830618892	0.07065217391304347	1
Cas12f1_0_CAS-V-F	NZ_KB908470.1_26	365	512	0.0002	17.8	25993	27087	NZ_KB908470.1	26	0.4438356164383562	0.3203125	-1
Cas12f1_1_CAS-V-F	NZ_KB908470.1_26	365	557	2.2e-07	27.4	25993	27087	NZ_KB908470.1	26	0.5123287671232877	0.38420107719928187	-1
Cas12f1_2_CAS-V-F	NZ_KB908454.1_118	382	429	3e-13	47.0	128264	129409	NZ_KB908454.1	118	0.40575916230366493	0.372960372960373	1
Cas12f1_2_CAS-V-F	NZ_KB908465.1_6	382	429	1.3e-12	45.0	2862	4007	NZ_KB908465.1	6	0.4607329842931937	0.43356643356643354	1
Cas12f1_2_CAS-V-F	NZ_KB908470.1_26	365	429	8.4e-19	65.3	25993	27087	NZ_KB908470.1	26	0.6301369863013698	0.5011655011655012	-1
Cas12f1_2_CAS-V-F	NZ_KB908473.1_17	382	429	4.1e-13	46.6	16099	17244	NZ_KB908473.1	17	0.4109947643979058	0.3776223776223776	1
Cas12f2_0_CAS-V-F	NZ_KB908454.1_118	382	517	1.8e-42	143.1	128264	129409	NZ_KB908454.1	118	0.7827225130890052	0.6073500967117988	1
Cas12f2_0_CAS-V-F	NZ_KB908465.1_6	382	517	7.4e-40	134.5	2862	4007	NZ_KB908465.1	6	0.8167539267015707	0.6286266924564797	1
Cas12f2_0_CAS-V-F	NZ_KB908470.1_26	365	517	5.5e-18	62.3	25993	27087	NZ_KB908470.1	26	0.5424657534246575	0.43520309477756286	-1
Cas12f2_0_CAS-V-F	NZ_KB908473.1_17	382	517	5.1e-39	131.7	16099	17244	NZ_KB908473.1	17	0.7827225130890052	0.6073500967117988	1
Cas12f2_1_CAS-V-F	NZ_KB908454.1_118	382	422	7.2e-84	279.7	128264	129409	NZ_KB908454.1	118	0.9476439790575916	0.9644549763033176	1
Cas12f2_1_CAS-V-F	NZ_KB908465.1_6	382	422	1.4e-81	272.2	2862	4007	NZ_KB908465.1	6	0.9476439790575916	0.9644549763033176	1
Cas12f2_1_CAS-V-F	NZ_KB908470.1_26	365	422	9.300000000000001e-44	147.6	25993	27087	NZ_KB908470.1	26	0.7506849315068493	0.7014218009478673	-1
Cas12f2_1_CAS-V-F	NZ_KB908473.1_17	382	422	9.7e-83	276.0	16099	17244	NZ_KB908473.1	17	0.9476439790575916	0.9644549763033176	1
Cas12f2_2_CAS-V-F	NZ_KB908454.1_118	382	493	4.9e-63	210.9	128264	129409	NZ_KB908454.1	118	0.8979057591623036	0.7849898580121704	1
Cas12f2_2_CAS-V-F	NZ_KB908465.1_6	382	493	2.1e-61	205.5	2862	4007	NZ_KB908465.1	6	0.9057591623036649	0.7910750507099391	1
Cas12f2_2_CAS-V-F	NZ_KB908470.1_26	365	493	1.5e-27	93.9	25993	27087	NZ_KB908470.1	26	0.6219178082191781	0.5294117647058824	-1
Cas12f2_2_CAS-V-F	NZ_KB908473.1_17	382	493	2.5999999999999998e-61	205.2	16099	17244	NZ_KB908473.1	17	0.8141361256544503	0.6957403651115619	1
Cas12f3_0_CAS-V-F	NZ_KB908454.1_118	382	496	5.1000000000000004e-36	122.1	128264	129409	NZ_KB908454.1	118	0.8481675392670157	0.6733870967741935	1
Cas12f3_0_CAS-V-F	NZ_KB908464.1_14	869	496	0.00053	16.5	16536	19142	NZ_KB908464.1	14	0.13003452243958574	0.24193548387096775	-1
Cas12f3_0_CAS-V-F	NZ_KB908465.1_6	382	496	1.6000000000000002e-33	113.9	2862	4007	NZ_KB908465.1	6	0.8534031413612565	0.6754032258064516	1
Cas12f3_0_CAS-V-F	NZ_KB908470.1_26	365	496	2.1e-27	93.7	25993	27087	NZ_KB908470.1	26	0.5178082191780822	0.3548387096774194	-1
Cas12f3_0_CAS-V-F	NZ_KB908473.1_17	382	496	1.8e-33	113.7	16099	17244	NZ_KB908473.1	17	0.8455497382198953	0.6693548387096774	1
Cas12f4_0_CAS-V-F	NZ_KB908454.1_118	382	577	5.2e-06	22.6	128264	129409	NZ_KB908454.1	118	0.32460732984293195	0.2339688041594454	1
Cas12f4_0_CAS-V-F	NZ_KB908465.1_6	382	577	2.6e-05	20.3	2862	4007	NZ_KB908465.1	6	0.36910994764397903	0.29809358752166376	1
Cas12f4_0_CAS-V-F	NZ_KB908470.1_26	365	577	4.7e-12	42.6	25993	27087	NZ_KB908470.1	26	0.4301369863013699	0.29809358752166376	-1
Cas12f4_0_CAS-V-F	NZ_KB908473.1_17	382	577	6.3e-05	19.0	16099	17244	NZ_KB908473.1	17	0.31675392670157065	0.22876949740034663	1
Cas12f7_0_CAS-V-F	NZ_KB908454.1_118	382	566	2.1e-11	40.8	128264	129409	NZ_KB908454.1	118	0.8272251308900523	0.6307420494699647	1
Cas12f7_0_CAS-V-F	NZ_KB908465.1_6	382	566	7.3e-11	39.0	2862	4007	NZ_KB908465.1	6	0.5890052356020943	0.4204946996466431	1
Cas12f7_0_CAS-V-F	NZ_KB908470.1_26	365	566	6.8e-06	22.6	25993	27087	NZ_KB908470.1	26	0.5561643835616439	0.39045936395759717	-1
Cas12f7_0_CAS-V-F	NZ_KB908473.1_17	382	566	1.9e-10	37.7	16099	17244	NZ_KB908473.1	17	0.4973821989528796	0.3568904593639576	1
Cas1_0_CAS-I-II-III-IV-V-VI	NZ_KB908465.1_33	326	317	4.0000000000000006e-34	115.6	28097	29074	NZ_KB908465.1	33	0.8404907975460123	0.8170347003154574	1
Cas1_0_I-II-III	NZ_KB908465.1_33	326	327	2.6000000000000002e-67	224.7	28097	29074	NZ_KB908465.1	33	0.9049079754601227	0.9541284403669725	1
Cas1_0_I-II-III-V	NZ_KB908465.1_33	326	315	9.5e-21	71.4	28097	29074	NZ_KB908465.1	33	0.8466257668711656	0.8285714285714286	1
Cas1_0_IE	NZ_KB908465.1_33	326	269	2.4e-29	99.8	28097	29074	NZ_KB908465.1	33	0.7423312883435583	0.8513011152416357	1
Cas1_0_IF	NZ_KB908465.1_33	326	307	1e-157	521.7	28097	29074	NZ_KB908465.1	33	0.9386503067484663	0.996742671009772	1
Cas1_1_CAS-I-II-III-IV-V-VI	NZ_KB908465.1_33	326	261	1.0000000000000001e-60	202.7	28097	29074	NZ_KB908465.1	33	0.8374233128834356	0.9961685823754789	1
Cas1_2_CAS-I-II-III-IV-V-VI	NZ_KB908465.1_33	326	306	1.9e-156	517.5	28097	29074	NZ_KB908465.1	33	0.9386503067484663	0.9967320261437909	1
Cas1_3_CAS-I-II-III-IV-V-VI	NZ_KB908465.1_33	326	262	5.5e-29	98.7	28097	29074	NZ_KB908465.1	33	0.7423312883435583	0.8740458015267175	1
Cas1_6_CAS-I-II-III-IV-V-VI	NZ_KB908465.1_33	326	320	1.7e-06	25.0	28097	29074	NZ_KB908465.1	33	0.696319018404908	0.659375	1
Cas1_7_CAS-I-II-III-IV-V-VI	NZ_KB908465.1_33	326	328	4.6e-68	227.2	28097	29074	NZ_KB908465.1	33	0.9079754601226994	0.8597560975609756	1
Cas1_8_CAS-I-II-III-IV-V-VI	NZ_KB908465.1_33	326	283	9.6e-25	84.8	28097	29074	NZ_KB908465.1	33	0.8312883435582822	0.9081272084805654	1
Cas3-Cas2_0_CAS-I-F	NZ_KB908465.1_34	1101	1106	0.0	1312.9	29071	32373	NZ_KB908465.1	34	0.9954586739327884	0.9990958408679927	1
Cas3-Cas2_0_CAS-I-F	NZ_KB908472.1_33	315	1106	0.034	9.3	34448	35392	NZ_KB908472.1	33	0.12063492063492064	0.0352622061482821	-1
Cas3-Cas2_0_IF	NZ_KB908465.1_34	1101	1110	0.0	1318.5	29071	32373	NZ_KB908465.1	34	0.9954586739327884	0.9990990990990991	1
Cas3-Cas2_0_IF	NZ_KB908472.1_33	315	1110	0.038	9.2	34448	35392	NZ_KB908472.1	33	0.12063492063492064	0.03513513513513514	-1
Cas3HD_0_CAS-I	NZ_KB908458.1_12	452	203	0.0037	14.6	11378	12733	NZ_KB908458.1	12	0.09734513274336283	0.20689655172413793	-1
Cas3HD_0_CAS-I	NZ_KB908465.1_34	1101	203	3.3e-12	44.1	29071	32373	NZ_KB908465.1	34	0.25522252497729336	0.8275862068965517	1
Cas3HD_0_CAS-I	NZ_KB908469.1_18	290	203	0.00091	16.6	21692	22561	NZ_KB908469.1	18	0.15517241379310345	0.24630541871921183	1
Cas3HD_0_CAS-I	NZ_KB908473.1_14	417	203	0.021	12.1	11818	13068	NZ_KB908473.1	14	0.12470023980815348	0.17733990147783252	-1
Cas3HD_1_CAS-I	NZ_KB908465.1_34	1101	191	4.3e-05	20.9	29071	32373	NZ_KB908465.1	34	0.04632152588555858	0.2513089005235602	1
Cas3HD_2_CAS-I	NZ_KB908465.1_34	1101	231	3.6e-06	24.2	29071	32373	NZ_KB908465.1	34	0.11171662125340599	0.37662337662337664	1
Cas3_0_CAS-I	NZ_KB908454.1_25	434	353	3e-13	47.1	20940	22241	NZ_KB908454.1	25	0.7004608294930875	0.9036827195467422	-1
Cas3_0_CAS-I	NZ_KB908454.1_394	445	353	9.1e-08	29.0	427062	428396	NZ_KB908454.1	394	0.42696629213483145	0.5439093484419264	-1
Cas3_0_CAS-I	NZ_KB908456.1_200	460	353	9.2e-08	29.0	222982	224361	NZ_KB908456.1	200	0.3521739130434783	0.4730878186968839	1
Cas3_0_CAS-I	NZ_KB908456.1_211	452	353	2.9e-07	27.4	233755	235110	NZ_KB908456.1	211	0.5707964601769911	0.7138810198300283	1
Cas3_0_CAS-I	NZ_KB908457.1_13	460	353	4.8e-10	36.5	12176	13555	NZ_KB908457.1	13	0.6456521739130435	0.9008498583569405	1
Cas3_0_CAS-I	NZ_KB908457.1_80	593	353	4.9e-07	26.6	86454	88232	NZ_KB908457.1	80	0.342327150084317	0.5864022662889519	-1
Cas3_0_CAS-I	NZ_KB908458.1_28	811	353	1.1e-07	28.7	33374	35806	NZ_KB908458.1	28	0.1467324290998767	0.3371104815864023	-1
Cas3_0_CAS-I	NZ_KB908459.1_80	691	353	2.9e-10	37.2	85794	87866	NZ_KB908459.1	80	0.3314037626628075	0.623229461756374	-1
Cas3_0_CAS-I	NZ_KB908462.1_110	435	353	2.7e-08	30.8	118208	119512	NZ_KB908462.1	110	0.5885057471264368	0.7082152974504249	1
Cas3_0_CAS-I	NZ_KB908463.1_115	958	353	0.005	13.5	115745	118618	NZ_KB908463.1	115	0.16701461377870563	0.46175637393767704	-1
Cas3_0_CAS-I	NZ_KB908465.1_34	1101	353	5.6e-15	52.8	29071	32373	NZ_KB908465.1	34	0.17983651226158037	0.48158640226628896	1
Cas3_0_CAS-I	NZ_KB908465.1_72	1146	353	4.8e-09	33.2	67891	71328	NZ_KB908465.1	72	0.22600349040139617	0.9150141643059491	-1
Cas3_0_CAS-I-D	NZ_KB908455.1_51	640	626	0.00027	16.7	47097	49016	NZ_KB908455.1	51	0.065625	0.06869009584664537	-1
Cas3_0_CAS-I-D	NZ_KB908456.1_211	452	626	6e-06	22.2	233755	235110	NZ_KB908456.1	211	0.40707964601769914	0.3003194888178914	1
Cas3_0_CAS-I-U	NZ_KB908454.1_290	774	843	0.0012	14.2	328118	330439	NZ_KB908454.1	290	0.17700258397932817	0.15776986951364175	-1
Cas3_0_CAS-I-U	NZ_KB908457.1_91	581	843	0.0045	12.3	100046	101788	NZ_KB908457.1	91	0.13769363166953527	0.10083036773428232	1
Cas3_0_CAS-I-U	NZ_KB908463.1_115	958	843	0.00089	14.6	115745	118618	NZ_KB908463.1	115	0.06367432150313153	0.06880189798339265	-1
Cas3_0_CAS-I-U	NZ_KB908465.1_34	1101	843	0.00015	17.2	29071	32373	NZ_KB908465.1	34	0.07629427792915532	0.099644128113879	1
Cas3_0_I	NZ_KB908454.1_25	434	358	4e-13	46.6	20940	22241	NZ_KB908454.1	25	0.6981566820276498	0.8994413407821229	-1
Cas3_0_I	NZ_KB908454.1_394	445	358	1.1e-06	25.5	427062	428396	NZ_KB908454.1	394	0.36629213483146067	0.4776536312849162	-1
Cas3_0_I	NZ_KB908456.1_200	460	358	2.9e-07	27.4	222982	224361	NZ_KB908456.1	200	0.46956521739130436	0.6089385474860335	1
Cas3_0_I	NZ_KB908457.1_13	460	358	4e-09	33.5	12176	13555	NZ_KB908457.1	13	0.6391304347826087	0.8910614525139665	1
Cas3_0_I	NZ_KB908457.1_80	593	358	9.2e-07	25.7	86454	88232	NZ_KB908457.1	80	0.3625632377740304	0.6256983240223464	-1
Cas3_0_I	NZ_KB908458.1_28	811	358	3.7e-08	30.3	33374	35806	NZ_KB908458.1	28	0.16399506781750925	0.3743016759776536	-1
Cas3_0_I	NZ_KB908459.1_80	691	358	1.9e-09	34.5	85794	87866	NZ_KB908459.1	80	0.2821997105643994	0.547486033519553	-1
Cas3_0_I	NZ_KB908462.1_110	435	358	6.4e-08	29.5	118208	119512	NZ_KB908462.1	110	0.39770114942528734	0.505586592178771	1
Cas3_0_I	NZ_KB908463.1_115	958	358	0.0065	13.0	115745	118618	NZ_KB908463.1	115	0.06889352818371608	0.1787709497206704	-1
Cas3_0_I	NZ_KB908465.1_34	1101	358	2.2e-14	50.8	29071	32373	NZ_KB908465.1	34	0.18891916439600362	0.5167597765363129	1
Cas3_0_I	NZ_KB908465.1_72	1146	358	4.1e-08	30.2	67891	71328	NZ_KB908465.1	72	0.20157068062827224	0.5139664804469274	-1
Cas3_0_I	NZ_KB908471.1_1	460	358	0.0072	12.9	499	1878	NZ_KB908471.1	1	0.2326086956521739	0.28212290502793297	1
Cas3_0_ID	NZ_KB908454.1_25	434	357	0.00031	17.4	20940	22241	NZ_KB908454.1	25	0.37557603686635943	0.40896358543417366	-1
Cas3_0_ID	NZ_KB908456.1_200	460	357	0.0015	15.2	222982	224361	NZ_KB908456.1	200	0.4891304347826087	0.5630252100840336	1
Cas3_0_ID	NZ_KB908456.1_211	452	357	0.0033	14.0	233755	235110	NZ_KB908456.1	211	0.21902654867256638	0.25210084033613445	1
Cas3_0_ID	NZ_KB908457.1_13	460	357	0.014	12.0	12176	13555	NZ_KB908457.1	13	0.25217391304347825	0.3137254901960784	1
Cas3_0_ID	NZ_KB908457.1_80	593	357	0.0027	14.3	86454	88232	NZ_KB908457.1	80	0.18718381112984822	0.29411764705882354	-1
Cas3_0_ID	NZ_KB908457.1_91	581	357	0.00056	16.6	100046	101788	NZ_KB908457.1	91	0.2908777969018933	0.4565826330532213	1
Cas3_0_ID	NZ_KB908459.1_80	691	357	0.006	13.2	85794	87866	NZ_KB908459.1	80	0.12735166425470332	0.23809523809523808	-1
Cas3_0_IU	NZ_KB908454.1_290	774	864	0.0017	13.8	328118	330439	NZ_KB908454.1	290	0.1020671834625323	0.08564814814814815	-1
Cas3_0_IU	NZ_KB908454.1_306	288	864	0.0027	13.2	346529	347392	NZ_KB908454.1	306	0.3333333333333333	0.11574074074074074	1
Cas3_0_IU	NZ_KB908463.1_115	958	864	1.7e-05	20.4	115745	118618	NZ_KB908463.1	115	0.08872651356993737	0.09027777777777778	-1
Cas3_0_IU	NZ_KB908465.1_34	1101	864	1.4e-05	20.7	29071	32373	NZ_KB908465.1	34	0.08174386920980926	0.10185185185185185	1
Cas3_0_IU	NZ_KB908469.1_18	290	864	0.032	9.6	21692	22561	NZ_KB908469.1	18	0.22758620689655173	0.07523148148148148	1
Cas3_1_CAS-I	NZ_KB908454.1_196	559	745	0.0084	11.9	214850	216526	NZ_KB908454.1	196	0.07155635062611806	0.06442953020134229	1
Cas3_1_CAS-I	NZ_KB908454.1_25	434	745	2.3e-07	27.0	20940	22241	NZ_KB908454.1	25	0.26497695852534564	0.13020134228187918	-1
Cas3_1_CAS-I	NZ_KB908456.1_200	460	745	9.2e-05	18.4	222982	224361	NZ_KB908456.1	200	0.48695652173913045	0.3221476510067114	1
Cas3_1_CAS-I	NZ_KB908457.1_80	593	745	2.1e-05	20.5	86454	88232	NZ_KB908457.1	80	0.3069139966273187	0.26308724832214764	-1
Cas3_1_CAS-I	NZ_KB908458.1_28	811	745	0.0011	14.8	33374	35806	NZ_KB908458.1	28	0.09617755856966707	0.11006711409395974	-1
Cas3_1_CAS-I	NZ_KB908459.1_80	691	745	1.3e-05	21.2	85794	87866	NZ_KB908459.1	80	0.11143270622286541	0.09932885906040269	-1
Cas3_1_CAS-I	NZ_KB908462.1_110	435	745	0.027	10.2	118208	119512	NZ_KB908462.1	110	0.41379310344827586	0.25100671140939596	1
Cas3_1_CAS-I	NZ_KB908465.1_34	1101	745	2.9e-99	330.8	29071	32373	NZ_KB908465.1	34	0.6730245231607629	0.8187919463087249	1
Cas3_1_CAS-I	NZ_KB908471.1_1	460	745	0.0039	13.0	499	1878	NZ_KB908471.1	1	0.10217391304347827	0.06711409395973154	1
Cas3_1_CAS-I-D	NZ_KB908454.1_25	434	353	0.00041	17.0	20940	22241	NZ_KB908454.1	25	0.271889400921659	0.29745042492917845	-1
Cas3_1_CAS-I-D	NZ_KB908456.1_200	460	353	0.004	13.7	222982	224361	NZ_KB908456.1	200	0.55	0.6090651558073654	1
Cas3_1_CAS-I-D	NZ_KB908456.1_211	452	353	0.006	13.2	233755	235110	NZ_KB908456.1	211	0.32079646017699115	0.3937677053824363	1
Cas3_1_CAS-I-D	NZ_KB908457.1_13	460	353	0.001	15.7	12176	13555	NZ_KB908457.1	13	0.3130434782608696	0.37677053824362605	1
Cas3_1_CAS-I-D	NZ_KB908457.1_80	593	353	0.00097	15.7	86454	88232	NZ_KB908457.1	80	0.178752107925801	0.28328611898017	-1
Cas3_1_CAS-I-D	NZ_KB908457.1_91	581	353	0.0013	15.3	100046	101788	NZ_KB908457.1	91	0.3253012048192771	0.5240793201133145	1
Cas3_1_CAS-I-D	NZ_KB908459.1_80	691	353	0.016	11.8	85794	87866	NZ_KB908459.1	80	0.17800289435600578	0.33994334277620397	-1
Cas3_1_I	NZ_KB908458.1_12	452	178	0.0045	14.5	11378	12733	NZ_KB908458.1	12	0.09734513274336283	0.2303370786516854	-1
Cas3_1_I	NZ_KB908465.1_34	1101	178	7.4e-11	39.9	29071	32373	NZ_KB908465.1	34	0.16802906448683017	0.702247191011236	1
Cas3_1_I	NZ_KB908469.1_18	290	178	0.012	13.1	21692	22561	NZ_KB908469.1	18	0.16551724137931034	0.29213483146067415	1
Cas3_2_CAS-I	NZ_KB908454.1_25	434	967	3.9e-06	22.7	20940	22241	NZ_KB908454.1	25	0.47465437788018433	0.20165460186142709	-1
Cas3_2_CAS-I	NZ_KB908456.1_211	452	967	4.2e-10	35.8	233755	235110	NZ_KB908456.1	211	0.6747787610619469	0.31437435367114785	1
Cas3_2_CAS-I	NZ_KB908457.1_13	460	967	5.5e-05	18.9	12176	13555	NZ_KB908457.1	13	0.45217391304347826	0.20682523267838676	1
Cas3_2_CAS-I	NZ_KB908457.1_80	593	967	5e-10	35.6	86454	88232	NZ_KB908457.1	80	0.40472175379426645	0.24095139607032057	-1
Cas3_2_CAS-I	NZ_KB908459.1_80	691	967	8e-06	21.6	85794	87866	NZ_KB908459.1	80	0.2503617945007236	0.17476732161323683	-1
Cas3d_0_CAS-I-D	NZ_KB908454.1_25	434	639	0.0006	15.8	20940	22241	NZ_KB908454.1	25	0.29493087557603687	0.19092331768388107	-1
Cas3d_0_CAS-I-D	NZ_KB908457.1_13	460	639	0.003	13.5	12176	13555	NZ_KB908457.1	13	0.22391304347826088	0.15492957746478872	1
Cas3d_0_CAS-I-D	NZ_KB908457.1_80	593	639	0.00035	16.6	86454	88232	NZ_KB908457.1	80	0.19898819561551434	0.1784037558685446	-1
Cas3d_1_CAS-I-D	NZ_KB908456.1_211	452	627	0.0094	11.7	233755	235110	NZ_KB908456.1	211	0.15486725663716813	0.10845295055821372	1
Cas3d_1_CAS-I-D	NZ_KB908457.1_91	581	627	0.023	10.4	100046	101788	NZ_KB908457.1	91	0.1153184165232358	0.10685805422647528	1
Cas4_0_I-II	NZ_KB908456.1_20	1205	180	0.027	11.8	23943	27557	NZ_KB908456.1	20	0.05892116182572614	0.3	-1
Cas5f_0_CAS-I-F	NZ_KB908465.1_36	320	261	1.7e-15	54.5	33709	34668	NZ_KB908465.1	36	0.559375	0.6436781609195402	1
Cas5f_1_CAS-I-F	NZ_KB908465.1_36	320	293	1.4999999999999998e-91	304.2	33709	34668	NZ_KB908465.1	36	0.934375	0.9931740614334471	1
Cas5f_2_CAS-I-F	NZ_KB908465.1_36	320	291	1.4000000000000001e-101	337.3	33709	34668	NZ_KB908465.1	36	0.934375	0.9965635738831615	1
Cas5f_3_CAS-I-F	NZ_KB908465.1_36	320	293	3.9e-113	375.1	33709	34668	NZ_KB908465.1	36	0.93125	0.9965870307167235	1
Cas6_0_IF	NZ_KB908465.1_38	188	184	3.3e-58	194.1	35710	36273	NZ_KB908465.1	38	0.9787234042553191	0.9945652173913043	1
Cas6_11_CAS-I-II-III-IV-V-VI	NZ_KB908466.1_43	819	316	0.026	11.3	47856	50312	NZ_KB908466.1	43	0.08180708180708181	0.2120253164556962	1
Cas6_14_CAS-I-II-III-IV-V-VI	NZ_KB908455.1_200	289	190	0.011	13.2	213574	214440	NZ_KB908455.1	200	0.4013840830449827	0.5736842105263158	-1
Cas6_3_IVA	NZ_KB908465.1_38	188	192	5.7e-17	59.7	35710	36273	NZ_KB908465.1	38	0.8563829787234043	0.8489583333333334	1
Cas6_7_CAS-I-II-III-IV-V-VI	NZ_KB908472.1_41	118	241	0.023	12.1	44441	44794	NZ_KB908472.1	41	0.4915254237288136	0.2572614107883817	-1
Cas6f_0_CAS-I-II-III-IV-V-VI	NZ_KB908465.1_38	188	186	1.3e-59	198.7	35710	36273	NZ_KB908465.1	38	0.9946808510638298	1.0	1
Cas6f_1_CAS-I-II-III-IV-V-VI	NZ_KB908465.1_38	188	185	9.199999999999999e-69	228.7	35710	36273	NZ_KB908465.1	38	0.9946808510638298	1.0	1
Cas6f_2_CAS-I-II-III-IV-V-VI	NZ_KB908465.1_38	188	185	3.5e-70	233.5	35710	36273	NZ_KB908465.1	38	0.9787234042553191	1.0	1
Cas7f_0_CAS-I-F	NZ_KB908465.1_37	346	340	9.499999999999999e-135	446.9	34671	35708	NZ_KB908465.1	37	0.976878612716763	1.0	1
Cas7f_1_CAS-I-F	NZ_KB908465.1_37	346	331	1e-140	466.3	34671	35708	NZ_KB908465.1	37	0.9682080924855492	1.0	1
Cas7f_2_CAS-I-F	NZ_KB908465.1_37	346	326	2e-153	508.0	34671	35708	NZ_KB908465.1	37	0.9653179190751445	1.0	1
Cas8b6_0_CAS-I-B	NZ_KB908465.1_97	1232	431	0.013	11.7	98616	102311	NZ_KB908465.1	97	0.05113636363636364	0.14849187935034802	-1
Cas8e_1_CAS-I-E	NZ_KB908458.1_131	213	474	0.0053	13.3	149658	150296	NZ_KB908458.1	131	0.5258215962441315	0.24261603375527427	-1
Cas8e_4_CAS-I-E	NZ_KB908458.1_131	213	465	0.025	11.0	149658	150296	NZ_KB908458.1	131	0.5211267605633803	0.24301075268817204	-1
Cas8f_2_CAS-I-F	NZ_KB908465.1_35	432	384	3.2e-117	389.1	32421	33716	NZ_KB908465.1	35	0.875	0.9869791666666666	1
Cas8f_3_CAS-I-F	NZ_KB908465.1_35	432	376	1.6e-133	443.1	32421	33716	NZ_KB908465.1	35	0.8611111111111112	0.9973404255319149	1
Cas8f_7_CAS-I-F	NZ_KB908465.1_35	432	376	3.0999999999999997e-141	468.2	32421	33716	NZ_KB908465.1	35	0.8587962962962963	0.9973404255319149	1
CasR_0_CAS-I-II-III-IV-V-VI	NZ_KB908454.1_158	149	198	0.0086	13.2	169329	169775	NZ_KB908454.1	158	0.3825503355704698	0.2828282828282828	1
CasR_0_CAS-I-II-III-IV-V-VI	NZ_KB908454.1_217	142	198	2e-08	31.5	239316	239741	NZ_KB908454.1	217	0.323943661971831	0.23232323232323232	1
CasR_0_CAS-I-II-III-IV-V-VI	NZ_KB908454.1_401	213	198	0.0023	15.1	436717	437355	NZ_KB908454.1	401	0.19718309859154928	0.2222222222222222	-1
CasR_0_CAS-I-II-III-IV-V-VI	NZ_KB908457.1_119	166	198	0.0066	13.5	131245	131742	NZ_KB908457.1	119	0.3855421686746988	0.3181818181818182	-1
CasR_0_CAS-I-II-III-IV-V-VI	NZ_KB908458.1_75	162	198	3.6e-05	20.9	91054	91539	NZ_KB908458.1	75	0.3271604938271605	0.2676767676767677	1
CasR_0_CAS-I-II-III-IV-V-VI	NZ_KB908459.1_60	150	198	0.00027	18.1	66531	66980	NZ_KB908459.1	60	0.5333333333333333	0.31313131313131315	1
CasR_0_CAS-I-II-III-IV-V-VI	NZ_KB908459.1_83	220	198	0.0014	15.7	91318	91977	NZ_KB908459.1	83	0.16818181818181818	0.18686868686868688	-1
CasR_0_CAS-I-II-III-IV-V-VI	NZ_KB908459.1_88	282	198	0.0041	14.2	98605	99450	NZ_KB908459.1	88	0.4219858156028369	0.5757575757575758	1
CasR_0_CAS-I-II-III-IV-V-VI	NZ_KB908460.1_84	151	198	0.01	12.9	95220	95672	NZ_KB908460.1	84	0.2781456953642384	0.21212121212121213	-1
CasR_0_CAS-I-II-III-IV-V-VI	NZ_KB908461.1_20	155	198	0.0053	13.9	16419	16883	NZ_KB908461.1	20	0.3161290322580645	0.2474747474747475	1
CasR_0_CAS-I-II-III-IV-V-VI	NZ_KB908462.1_83	117	198	0.0054	13.8	86990	87340	NZ_KB908462.1	83	0.47863247863247865	0.2828282828282828	1
CasR_0_CAS-I-II-III-IV-V-VI	NZ_KB908463.1_43	158	198	0.00031	17.9	44500	44973	NZ_KB908463.1	43	0.310126582278481	0.24242424242424243	-1
CasR_0_CAS-I-II-III-IV-V-VI	NZ_KB908466.1_3	168	198	0.00012	19.2	1860	2363	NZ_KB908466.1	3	0.30357142857142855	0.25757575757575757	1
CasR_0_CAS-I-II-III-IV-V-VI	NZ_KB908467.1_77	256	198	3.8e-07	27.4	86563	87330	NZ_KB908467.1	77	0.1875	0.24242424242424243	1
CasR_0_CAS-I-II-III-IV-V-VI	NZ_KB908469.1_37	159	198	0.00026	18.1	44641	45117	NZ_KB908469.1	37	0.6289308176100629	0.5151515151515151	-1
CasR_0_CAS-I-II-III-IV-V-VI	NZ_KB908472.1_32	104	198	0.0011	16.1	34126	34437	NZ_KB908472.1	32	0.5480769230769231	0.29292929292929293	-1
CasR_0_CAS-III-B	NZ_KB908464.1_4	652	480	0.013	11.7	1521	3476	NZ_KB908464.1	4	0.07822085889570553	0.09791666666666667	1
CasR_1_CAS-I-II-III-IV-V-VI	NZ_KB908454.1_158	149	218	0.0044	13.7	169329	169775	NZ_KB908454.1	158	0.38926174496644295	0.26605504587155965	1
CasR_1_CAS-I-II-III-IV-V-VI	NZ_KB908454.1_217	142	218	3.4e-08	30.4	239316	239741	NZ_KB908454.1	217	0.30985915492957744	0.2018348623853211	1
CasR_1_CAS-I-II-III-IV-V-VI	NZ_KB908454.1_318	309	218	0.024	11.3	357784	358710	NZ_KB908454.1	318	0.313915857605178	0.44036697247706424	-1
CasR_1_CAS-I-II-III-IV-V-VI	NZ_KB908454.1_401	213	218	0.0014	15.3	436717	437355	NZ_KB908454.1	401	0.19718309859154928	0.2018348623853211	-1
CasR_1_CAS-I-II-III-IV-V-VI	NZ_KB908454.1_470	442	218	0.016	11.9	513713	515038	NZ_KB908454.1	470	0.09728506787330317	0.2018348623853211	1
CasR_1_CAS-I-II-III-IV-V-VI	NZ_KB908455.1_133	295	218	0.016	11.8	136731	137615	NZ_KB908455.1	133	0.2135593220338983	0.2981651376146789	-1
CasR_1_CAS-I-II-III-IV-V-VI	NZ_KB908456.1_132	214	218	0.0054	13.4	142616	143257	NZ_KB908456.1	132	0.16355140186915887	0.16972477064220184	-1
CasR_1_CAS-I-II-III-IV-V-VI	NZ_KB908457.1_119	166	218	0.014	12.0	131245	131742	NZ_KB908457.1	119	0.35542168674698793	0.1834862385321101	-1
CasR_1_CAS-I-II-III-IV-V-VI	NZ_KB908458.1_75	162	218	3.6e-06	23.8	91054	91539	NZ_KB908458.1	75	0.3950617283950617	0.3073394495412844	1
CasR_1_CAS-I-II-III-IV-V-VI	NZ_KB908459.1_60	150	218	0.00023	17.9	66531	66980	NZ_KB908459.1	60	0.5533333333333333	0.3623853211009174	1
CasR_1_CAS-I-II-III-IV-V-VI	NZ_KB908459.1_83	220	218	0.0018	14.9	91318	91977	NZ_KB908459.1	83	0.17272727272727273	0.1834862385321101	-1
CasR_1_CAS-I-II-III-IV-V-VI	NZ_KB908459.1_88	282	218	0.029	11.0	98605	99450	NZ_KB908459.1	88	0.16666666666666666	0.21100917431192662	1
CasR_1_CAS-I-II-III-IV-V-VI	NZ_KB908460.1_84	151	218	0.02	11.5	95220	95672	NZ_KB908460.1	84	0.2781456953642384	0.1926605504587156	-1
CasR_1_CAS-I-II-III-IV-V-VI	NZ_KB908461.1_20	155	218	0.0018	15.0	16419	16883	NZ_KB908461.1	20	0.3096774193548387	0.22018348623853212	1
CasR_1_CAS-I-II-III-IV-V-VI	NZ_KB908462.1_83	117	218	0.00088	16.0	86990	87340	NZ_KB908462.1	83	0.46153846153846156	0.24770642201834864	1
CasR_1_CAS-I-II-III-IV-V-VI	NZ_KB908462.1_84	307	218	0.024	11.3	87337	88257	NZ_KB908462.1	84	0.15309446254071662	0.21559633027522937	-1
CasR_1_CAS-I-II-III-IV-V-VI	NZ_KB908463.1_43	158	218	8.1e-05	19.4	44500	44973	NZ_KB908463.1	43	0.35443037974683544	0.25688073394495414	-1
CasR_1_CAS-I-II-III-IV-V-VI	NZ_KB908466.1_3	168	218	5e-05	20.1	1860	2363	NZ_KB908466.1	3	0.30357142857142855	0.23394495412844038	1
CasR_1_CAS-I-II-III-IV-V-VI	NZ_KB908467.1_77	256	218	1.1e-07	28.7	86563	87330	NZ_KB908467.1	77	0.19140625	0.22477064220183487	1
CasR_1_CAS-I-II-III-IV-V-VI	NZ_KB908469.1_37	159	218	7.8e-05	19.4	44641	45117	NZ_KB908469.1	37	0.5723270440251572	0.43577981651376146	-1
CasR_1_CAS-I-II-III-IV-V-VI	NZ_KB908472.1_32	104	218	2.1e-05	21.3	34126	34437	NZ_KB908472.1	32	0.5576923076923077	0.2706422018348624	-1
CasR_1_CAS-III-B	NZ_KB908454.1_417	231	173	1.9	5.8	455030	455722	NZ_KB908454.1	417	0.18181818181818182	0.24277456647398843	1
Cmr3_1_IIIB	NZ_KB908460.1_54	282	357	0.021	11.7	61955	62800	NZ_KB908460.1	54	0.13120567375886524	0.10364145658263306	-1
Cmr5gr11_1_CAS-III-C	NZ_KB908458.1_13	792	180	0.012	12.9	12730	15105	NZ_KB908458.1	13	0.1111111111111111	0.5166666666666667	-1
CorA_0_CAS-III-B-III-D	NZ_KB908458.1_182	321	551	0.00056	16.2	199723	200685	NZ_KB908458.1	182	0.23052959501557632	0.12522686025408347	1
CorA_0_CAS-III-B-III-D	NZ_KB908460.1_37	316	551	0.00037	16.8	42700	43647	NZ_KB908460.1	37	0.16455696202531644	0.0998185117967332	1
CorA_1_CAS-III-B	NZ_KB908454.1_341	137	125	0.0067	13.8	383199	383609	NZ_KB908454.1	341	0.3284671532846715	0.304	1
CorA_1_CAS-III-B	NZ_KB908454.1_525	495	125	3.6	5.0	566493	567977	NZ_KB908454.1	525	0.13535353535353536	0.336	-1
Csa3_1_CAS-I-II-III-IV-V-VI	NZ_KB908454.1_110	298	118	0.00071	17.4	121715	122608	NZ_KB908454.1	110	0.21476510067114093	0.4915254237288136	-1
Csa3_1_CAS-I-II-III-IV-V-VI	NZ_KB908454.1_217	142	118	0.00036	18.4	239316	239741	NZ_KB908454.1	217	0.4014084507042254	0.4745762711864407	1
Csa3_1_CAS-I-II-III-IV-V-VI	NZ_KB908454.1_470	442	118	0.018	12.9	513713	515038	NZ_KB908454.1	470	0.10633484162895927	0.423728813559322	1
Csa3_1_CAS-I-II-III-IV-V-VI	NZ_KB908455.1_133	295	118	0.0079	14.1	136731	137615	NZ_KB908455.1	133	0.15593220338983052	0.4067796610169492	-1
Csa3_1_CAS-I-II-III-IV-V-VI	NZ_KB908458.1_119	303	118	0.007	14.2	134117	135025	NZ_KB908458.1	119	0.40264026402640263	0.4491525423728814	-1
Csa3_1_CAS-I-II-III-IV-V-VI	NZ_KB908458.1_158	204	118	0.018	12.9	177612	178223	NZ_KB908458.1	158	0.6029411764705882	0.6694915254237288	-1
Csa3_1_CAS-I-II-III-IV-V-VI	NZ_KB908459.1_60	150	118	0.021	12.7	66531	66980	NZ_KB908459.1	60	0.4066666666666667	0.4745762711864407	1
Csa3_1_CAS-I-II-III-IV-V-VI	NZ_KB908462.1_83	117	118	9.5e-19	65.4	86990	87340	NZ_KB908462.1	83	0.5982905982905983	0.6440677966101694	1
Csa3_1_CAS-I-II-III-IV-V-VI	NZ_KB908463.1_43	158	118	0.0045	14.9	44500	44973	NZ_KB908463.1	43	0.45569620253164556	0.4576271186440678	-1
Csa3_1_CAS-I-II-III-IV-V-VI	NZ_KB908467.1_77	256	118	3.8e-06	24.8	86563	87330	NZ_KB908467.1	77	0.19921875	0.4830508474576271	1
Csa3_1_CAS-I-II-III-IV-V-VI	NZ_KB908472.1_32	104	118	2.3e-20	70.6	34126	34437	NZ_KB908472.1	32	0.9134615384615384	0.8813559322033898	-1
Csa5_0_IA	NZ_KB908455.1_117	1033	107	0.0059	14.3	113544	116642	NZ_KB908455.1	117	0.08906098741529525	0.5700934579439252	-1
Csa5gr11_7_CAS-I-A	NZ_KB908470.1_28	688	125	0.034	11.9	27748	29811	NZ_KB908470.1	28	0.050872093023255814	0.28	1
Csa5gr11_7_CAS-I-A	NZ_KB908472.1_50	268	125	0.0077	14.0	51482	52285	NZ_KB908472.1	50	0.33955223880597013	0.688	-1
Cse1_0_IE	NZ_KB908456.1_225	133	504	0.016	11.5	247729	248127	NZ_KB908456.1	225	0.6616541353383458	0.16865079365079366	1
Cse2gr11_7_CAS-I-E	NZ_KB908456.1_14	435	144	0.016	13.0	16049	17353	NZ_KB908456.1	14	0.2620689655172414	0.6736111111111112	1
Csf1_2_IVA3	NZ_KB908454.1_147	389	267	0.018	11.8	157627	158793	NZ_KB908454.1	147	0.48586118251928023	0.47191011235955055	1
Csf1_2_IVA3	NZ_KB908458.1_186	541	267	0.018	11.8	203251	204873	NZ_KB908458.1	186	0.19038817005545286	0.3970037453183521	-1
Csf4_0_IVA	NZ_KB908454.1_25	434	666	6.7e-07	25.7	20940	22241	NZ_KB908454.1	25	0.1728110599078341	0.10510510510510511	-1
Csf4_0_IVA	NZ_KB908454.1_394	445	666	0.00034	16.8	427062	428396	NZ_KB908454.1	394	0.18202247191011237	0.10960960960960961	-1
Csf4_0_IVA	NZ_KB908455.1_51	640	666	4.6e-49	165.0	47097	49016	NZ_KB908455.1	51	0.915625	0.9039039039039038	-1
Csf4_0_IVA	NZ_KB908456.1_200	460	666	3.5e-05	20.0	222982	224361	NZ_KB908456.1	200	0.4717391304347826	0.3033033033033033	1
Csf4_0_IVA	NZ_KB908456.1_211	452	666	3e-08	30.2	233755	235110	NZ_KB908456.1	211	0.48672566371681414	0.33183183183183185	1
Csf4_0_IVA	NZ_KB908456.1_55	685	666	2.2e-49	166.1	65720	67774	NZ_KB908456.1	55	0.9372262773722628	0.9024024024024024	1
Csf4_0_IVA	NZ_KB908457.1_80	593	666	0.011	11.8	86454	88232	NZ_KB908457.1	80	0.12141652613827993	0.10810810810810811	-1
Csf4_0_IVA	NZ_KB908459.1_27	609	666	0.014	11.4	30368	32194	NZ_KB908459.1	27	0.24958949096880131	0.22522522522522523	1
Csf4_0_IVA	NZ_KB908462.1_110	435	666	5.4e-06	22.7	118208	119512	NZ_KB908462.1	110	0.32413793103448274	0.2012012012012012	1
Csf4_1_IVA1	NZ_KB908455.1_51	640	802	2.4e-22	76.4	47097	49016	NZ_KB908455.1	51	0.503125	0.4239401496259352	-1
Csf4_1_IVA1	NZ_KB908456.1_55	685	802	1.3e-22	77.3	65720	67774	NZ_KB908456.1	55	0.672992700729927	0.5935162094763092	1
Csf4_1_IVA1	NZ_KB908457.1_13	460	802	0.0003	16.6	12176	13555	NZ_KB908457.1	13	0.2543478260869565	0.1433915211970075	1
Csf4_1_IVA1	NZ_KB908459.1_180	737	802	0.0074	11.9	178574	180784	NZ_KB908459.1	180	0.14382632293080055	0.13092269326683292	-1
Csf4_1_IVA1	NZ_KB908474.1_9	523	802	0.0036	13.0	10063	11631	NZ_KB908474.1	9	0.16443594646271512	0.10473815461346633	1
Csf4_2_IVA1	NZ_KB908455.1_51	640	526	5e-14	49.3	47097	49016	NZ_KB908455.1	51	0.38125	0.44866920152091255	-1
Csf4_2_IVA1	NZ_KB908456.1_55	685	526	4.6e-12	42.8	65720	67774	NZ_KB908456.1	55	0.47007299270072994	0.591254752851711	1
Csf4_3_IVE	NZ_KB908455.1_51	640	648	9.1e-11	38.6	47097	49016	NZ_KB908455.1	51	0.453125	0.4367283950617284	-1
Csf4_3_IVE	NZ_KB908456.1_55	685	648	1.1e-08	31.7	65720	67774	NZ_KB908456.1	55	0.2686131386861314	0.27469135802469136	1
Csm6_2_CAS-III	NZ_KB908472.1_37	753	184	0.01	12.7	38706	40964	NZ_KB908472.1	37	0.13678618857901725	0.5652173913043478	-1
Csn2_7_CAS-II-A	NZ_KB908467.1_16	369	372	0.012	12.1	18295	19401	NZ_KB908467.1	16	0.3116531165311653	0.32526881720430106	-1
Csn2_8_CAS-II-A	NZ_KB908454.1_287	373	335	0.028	11.0	324117	325235	NZ_KB908454.1	287	0.11796246648793565	0.13134328358208955	-1
Csx18_0_CAS-I-III	NZ_KB908470.1_42	484	96	3.0	5.4	42801	44252	NZ_KB908470.1	42	0.16322314049586778	0.5416666666666666	-1
Csx27_0_CAS-VI-B	NZ_KB908454.1_330	89	238	0.086	10.4	371335	371601	NZ_KB908454.1	330	0.7865168539325843	0.3403361344537815	1
Csx3_2_CAS-I-III	NZ_KB908454.1_32	251	277	0.002	14.8	30245	30997	NZ_KB908454.1	32	0.10358565737051793	0.09386281588447654	-1
Csx3_2_CAS-I-III	NZ_KB908457.1_102	508	277	2.3e-05	21.1	115411	116934	NZ_KB908457.1	102	0.11023622047244094	0.1299638989169675	-1
Csx3_2_CAS-I-III	NZ_KB908459.1_5	504	277	0.009	12.6	4374	5885	NZ_KB908459.1	5	0.11507936507936507	0.18411552346570398	-1
Csx3_2_CAS-I-III	NZ_KB908461.1_4	302	277	0.0016	15.1	1784	2689	NZ_KB908461.1	4	0.1490066225165563	0.1588447653429603	-1
Csx3_2_CAS-I-III	NZ_KB908467.1_25	454	277	0.0027	14.3	27766	29127	NZ_KB908467.1	25	0.05286343612334802	0.08664259927797834	1
Csy1_0_IF	NZ_KB908465.1_35	432	385	1e-117	390.7	32421	33716	NZ_KB908465.1	35	0.875	0.987012987012987	1
Csy2_0_IF	NZ_KB908465.1_36	320	296	1.8e-88	294.1	33709	34668	NZ_KB908465.1	36	0.9375	0.9966216216216216	1
Csy3_0_IF	NZ_KB908465.1_37	346	341	1e-135	450.0	34671	35708	NZ_KB908465.1	37	0.976878612716763	1.0	1
CysH_0_IVB	NZ_KB908454.1_169	563	249	6.7e-19	66.0	181396	183084	NZ_KB908454.1	169	0.3552397868561279	0.7751004016064257	-1
CysH_0_IVB	NZ_KB908455.1_13	315	249	0.00012	19.3	11328	12272	NZ_KB908455.1	13	0.2507936507936508	0.2971887550200803	1
CysH_0_IVB	NZ_KB908457.1_30	442	249	0.0027	14.9	30160	31485	NZ_KB908457.1	30	0.16063348416289594	0.25301204819277107	-1
CysH_0_IVB	NZ_KB908457.1_52	372	249	0.032	11.4	56024	57139	NZ_KB908457.1	52	0.10483870967741936	0.1566265060240964	1
CysH_0_IVB	NZ_KB908458.1_47	256	249	2e-18	64.4	53879	54646	NZ_KB908458.1	47	0.71484375	0.7228915662650602	-1
CysH_0_IVB	NZ_KB908464.1_101	300	249	2.2e-19	67.6	112484	113383	NZ_KB908464.1	101	0.58	0.6827309236947792	1
DEDDh_0_CAS-I-II-III-IV-V-VI	NZ_KB908454.1_516	243	160	8.999999999999999e-36	120.9	558435	559163	NZ_KB908454.1	516	0.6995884773662552	0.99375	1
DEDDh_0_CAS-I-II-III-IV-V-VI	NZ_KB908456.1_150	802	160	0.0012	16.5	163235	165640	NZ_KB908456.1	150	0.12468827930174564	0.63125	-1
DEDDh_0_CAS-I-II-III-IV-V-VI	NZ_KB908456.1_42	472	160	1.1e-18	65.4	54576	55991	NZ_KB908456.1	42	0.3834745762711864	0.98125	1
DEDDh_0_CAS-I-II-III-IV-V-VI	NZ_KB908457.1_22	245	160	1.3000000000000001e-37	126.9	21567	22301	NZ_KB908457.1	22	0.6816326530612244	0.99375	1
DEDDh_0_CAS-I-II-III-IV-V-VI	NZ_KB908459.1_33	911	160	0.00032	18.4	36355	39087	NZ_KB908459.1	33	0.13721185510428102	0.70625	1
DEDDh_0_CAS-I-II-III-IV-V-VI	NZ_KB908463.1_89	182	160	6.4e-13	46.7	87921	88466	NZ_KB908463.1	89	0.8626373626373627	0.95625	1
DEDDh_0_CAS-I-II-III-IV-V-VI	NZ_KB908468.1_73	226	160	2.6999999999999997e-25	86.9	71303	71980	NZ_KB908468.1	73	0.7743362831858407	0.99375	-1
DEDDh_0_CAS-I-II-III-IV-V-VI	NZ_KB908470.1_49	206	160	4.1e-30	102.5	49853	50470	NZ_KB908470.1	49	0.7912621359223301	0.99375	-1
DHH_CorA_0_CAS-III-B	NZ_KB908454.1_489	238	251	0.014	12.3	532634	533347	NZ_KB908454.1	489	0.21428571428571427	0.20318725099601595	1
HTH_0_CAS-III-A	NZ_KB908456.1_55	685	364	0.025	11.2	65720	67774	NZ_KB908456.1	55	0.19562043795620437	0.34615384615384615	1
HTH_0_CAS-III-A	NZ_KB908458.1_13	792	364	0.0025	14.5	12730	15105	NZ_KB908458.1	13	0.09974747474747475	0.22527472527472528	-1
HTH_0_CAS-III-A	NZ_KB908474.1_8	851	364	0.069	9.7	7511	10063	NZ_KB908474.1	8	0.06933019976498238	0.1620879120879121	1
Mem_DnaJ_0_CAS-III-AM	NZ_KB908463.1_112	270	284	0.00092	16.1	112496	113305	NZ_KB908463.1	112	0.3333333333333333	0.2007042253521127	1
PD_DExK_0_CAS-I-II-III-IV-V-VI	NZ_KB908455.1_122	352	159	3e-57	190.5	123149	124204	NZ_KB908455.1	122	0.6619318181818182	1.0	-1
RecD_0_IVD	NZ_KB908454.1_196	559	763	0.0059	12.2	214850	216526	NZ_KB908454.1	196	0.08050089445438283	0.0563564875491481	1
RecD_0_IVD	NZ_KB908454.1_218	666	763	0.023	10.2	239751	241748	NZ_KB908454.1	218	0.21771771771771772	0.14416775884665792	1
RecD_0_IVD	NZ_KB908456.1_19	666	763	8.900000000000001e-34	114.1	21949	23946	NZ_KB908456.1	19	0.4954954954954955	0.39711664482306686	-1
RecD_0_IVD	NZ_KB908456.1_30	1292	763	0.0059	12.2	39313	43188	NZ_KB908456.1	30	0.02321981424148607	0.039318479685452164	-1
RecD_0_IVD	NZ_KB908457.1_179	346	763	0.00022	16.9	193118	194155	NZ_KB908457.1	179	0.1676300578034682	0.07339449541284404	1
RecD_0_IVD	NZ_KB908458.1_152	535	763	0.0016	14.1	172748	174352	NZ_KB908458.1	152	0.2542056074766355	0.1743119266055046	-1
RecD_0_IVD	NZ_KB908459.1_25	723	763	0.0028	13.3	27095	29263	NZ_KB908459.1	25	0.21023513139695713	0.19397116644823068	1
RecD_0_IVD	NZ_KB908462.1_99	671	763	8.7e-06	21.6	105571	107583	NZ_KB908462.1	99	0.2518628912071535	0.20707732634338138	-1
RecD_0_IVD	NZ_KB908465.1_50	182	763	0.013	11.1	46600	47145	NZ_KB908465.1	50	0.2032967032967033	0.04849279161205767	-1
RecD_0_IVD	NZ_KB908467.1_60	546	763	0.0088	11.6	70203	71840	NZ_KB908467.1	60	0.17765567765567766	0.127129750982962	1
TPR_0_CAS-III-A	NZ_KB908464.1_42	148	435	0.0044	13.5	45726	46169	NZ_KB908464.1	42	0.30405405405405406	0.10574712643678161	-1
TPR_0_CAS-III-B	NZ_KB908454.1_526	755	488	1.3e-08	31.5	567985	570249	NZ_KB908454.1	526	0.3390728476821192	0.3770491803278688	-1
TniQ_0_CAS-I-F	NZ_KB908458.1_149	291	139	0.0039	15.6	170101	170973	NZ_KB908458.1	149	0.11683848797250859	0.2446043165467626	-1
TniQ_0_CAS-I-F	NZ_KB908461.1_110	192	139	0.027	12.9	105779	106354	NZ_KB908461.1	110	0.3854166666666667	0.4892086330935252	-1
TniQ_1_I-F	NZ_KB908464.1_39	113	400	0.029	10.9	43356	43694	NZ_KB908464.1	39	0.2920353982300885	0.0825	-1
TnpB_0_Competitive	NZ_KB908454.1_118	382	400	8.4e-108	358.3	128264	129409	NZ_KB908454.1	118	0.9554973821989529	0.9325	1
TnpB_0_Competitive	NZ_KB908465.1_6	382	400	6.6999999999999994e-105	348.8	2862	4007	NZ_KB908465.1	6	0.9554973821989529	0.9325	1
TnpB_0_Competitive	NZ_KB908470.1_26	365	400	1.2e-40	137.1	25993	27087	NZ_KB908470.1	26	0.5616438356164384	0.5375	-1
TnpB_0_Competitive	NZ_KB908473.1_17	382	400	8.799999999999999e-107	354.9	16099	17244	NZ_KB908473.1	17	0.9554973821989529	0.9325	1
TnpB_1_Competitive	NZ_KB908454.1_118	382	409	1.3e-84	281.8	128264	129409	NZ_KB908454.1	118	0.9476439790575916	0.8997555012224939	1
TnpB_1_Competitive	NZ_KB908465.1_6	382	409	8.8e-82	272.5	2862	4007	NZ_KB908465.1	6	0.9476439790575916	0.8997555012224939	1
TnpB_1_Competitive	NZ_KB908470.1_26	365	409	1.7e-39	133.2	25993	27087	NZ_KB908470.1	26	0.6219178082191781	0.5745721271393643	-1
TnpB_1_Competitive	NZ_KB908473.1_17	382	409	3.9e-82	273.7	16099	17244	NZ_KB908473.1	17	0.9502617801047121	0.902200488997555	1
Unk_04_0_CAS-I-E	NZ_KB908457.1_65	271	63	0.0022	15.6	71471	72283	NZ_KB908457.1	65	0.14760147601476015	0.6349206349206349	-1
Unk_04_0_CAS-I-E	NZ_KB908471.1_33	339	63	0.58	7.9	33520	34536	NZ_KB908471.1	33	0.22418879056047197	0.8888888888888888	-1
WYL_0_CAS-I-II-III-IV-V-VI	NZ_KB908458.1_168	321	313	9.3e-07	26.1	187638	188600	NZ_KB908458.1	168	0.3426791277258567	0.3226837060702875	1
WYL_0_CAS-I-II-III-IV-V-VI	NZ_KB908461.1_33	340	313	1.8000000000000001e-22	77.7	28432	29451	NZ_KB908461.1	33	0.6647058823529411	0.670926517571885	1
WYL_0_CAS-I-II-III-IV-V-VI	NZ_KB908465.1_32	279	313	1e-18	65.4	27161	27997	NZ_KB908465.1	32	0.6738351254480287	0.6645367412140575	1
WYL_0_CAS-I-II-III-IV-V-VI	NZ_KB908467.1_77	256	313	3.7e-05	20.9	86563	87330	NZ_KB908467.1	77	0.171875	0.14057507987220447	1
WYL_0_CAS-I-II-III-IV-V-VI	NZ_KB908469.1_48	321	313	0.0039	14.2	55470	56432	NZ_KB908469.1	48	0.2118380062305296	0.22044728434504793	1
WYL_1_CAS-I-II-III-IV-V-VI	NZ_KB908461.1_33	340	462	1.7e-05	21.4	28432	29451	NZ_KB908461.1	33	0.29705882352941176	0.170995670995671	1
WYL_2_CAS-I-II-III-IV-V-VI	NZ_KB908461.1_33	340	462	1.7e-05	21.4	28432	29451	NZ_KB908461.1	33	0.29705882352941176	0.170995670995671	1
WYL_3_CAS-I-II-III-IV-V-VI	NZ_KB908458.1_168	321	172	6.1e-15	53.2	187638	188600	NZ_KB908458.1	168	0.5950155763239875	0.9186046511627907	1
WYL_3_CAS-I-II-III-IV-V-VI	NZ_KB908461.1_33	340	172	1.4e-34	117.2	28432	29451	NZ_KB908461.1	33	0.5147058823529411	0.9825581395348837	1
WYL_3_CAS-I-II-III-IV-V-VI	NZ_KB908465.1_32	279	172	1.4e-08	32.5	27161	27997	NZ_KB908465.1	32	0.24731182795698925	0.3953488372093023	1
htpX_0_CAS-III-B	NZ_KB908458.1_154	95	343	0.032	10.9	175104	175388	NZ_KB908458.1	154	0.5263157894736842	0.13702623906705538	1
htpX_0_CAS-III-B	NZ_KB908465.1_29	292	343	1.2e-23	81.3	24354	25229	NZ_KB908465.1	29	0.8287671232876712	0.6967930029154519	1
