AcrIF6	WP_019933870.1	36.8	87	44	3	10	90	11	92	1.3e-05	42.7	100	95
pAcr000240|AcrHub	WP_019933870.1	100.0	95	0	0	1	95	1	95	3.9e-47	180.6	95	95
pAcr000272|AcrHub	WP_019933870.1	37.9	87	43	3	10	90	11	92	1.3e-05	42.7	100	95
pAcr001802|AcrHub	WP_019935837.1	41.8	153	89	0	1	153	1	153	4.0e-33	134.8	153	153
pAcr008229|AcrHub	WP_019935951.1	32.5	77	46	2	33	106	43	116	3.7e-04	38.1	113	122
pAcr017874|AcrHub	WP_026344923.1	82.6	109	19	0	1	109	1	109	3.6e-52	197.6	110	116
pAcr019164|AcrHub	WP_019936152.1	32.1	53	36	0	4	56	245	297	5.2e-04	37.0	71	301
pAcr019996|AcrHub	WP_019933875.1	100.0	77	0	0	1	77	1	77	2.6e-41	161.0	77	77
pAcr028942|AcrHub	WP_019934651.1	59.1	44	16	1	1	44	506	547	1.4e-06	45.1	51	722
pAcr031303|AcrHub	WP_019933875.1	31.7	63	42	1	5	66	12	74	2.2e-04	38.1	67	77
pAcr031672|AcrHub	WP_040614490.1	29.3	328	207	9	41	350	40	360	3.0e-31	129.8	359	364
pAcr034386|AcrHub	WP_019934015.1	100.0	79	0	0	1	79	1	79	1.7e-40	158.3	79	79
pAcr038865|AcrHub	WP_019933902.1	100.0	53	0	0	1	53	1	53	2.1e-26	110.9	53	53
pAcr039969|AcrHub	WP_019934512.1	33.9	62	35	1	2	63	158	213	1.9e-05	41.6	64	213
pAcr044713|AcrHub	WP_156816452.1	100.0	80	0	0	5	84	1	80	2.0e-42	164.9	84	80
pAcr045635|AcrHub	WP_019933624.1	25.3	83	58	1	1	79	54	136	4.8e-04	37.7	110	460
pAcr045635|AcrHub	WP_019933334.1	26.0	77	57	0	1	77	56	132	8.1e-04	37.0	110	440
pAcr047369|AcrHub	WP_019933893.1	100.0	75	0	0	1	75	1	75	3.4e-38	150.6	75	75
pAcr050817|AcrHub	WP_019933744.1	34.7	72	39	2	3	68	425	494	4.8e-05	40.4	72	978
pAcr051711|AcrHub	WP_026344593.1	43.2	44	25	0	1	44	1	44	2.3e-05	40.8	44	494
pAcr054314|AcrHub	WP_019934014.1	100.0	139	0	0	1	139	1	139	3.8e-75	274.2	139	139
pAcr063539|AcrHub	WP_019934018.1	46.5	71	31	1	34	104	14	77	3.5e-12	64.7	105	78
pAcr064582|AcrHub	WP_019933970.1	45.0	40	22	0	11	50	267	306	2.3e-05	41.2	59	310
pAcr066722|AcrHub	WP_156816504.1	33.1	127	79	1	3	129	10	130	5.1e-16	77.8	134	138
pAcr070419|AcrHub	WP_019933970.1	38.3	47	29	0	1	47	243	289	4.2e-05	40.0	48	310
